0 0.9375 0.3111111109375 0.1375 0.3138888890625 0.055555554687499994 0.3319444453125 0.12361111093749999 0.3513888890625 0.9430555546875 0.3430555546875 0.9375 0.3111111109375
0 0.940277778125 0.334722221875 0.1375 0.34027777812500004 0.047222221875 0.35972222187499997 0.12361111093749999 0.379166665625 0.9472222218749999 0.3736111109375 0.940277778125 0.334722221875
0 0.9486111109375001 0.366666665625 0.14166666562500002 0.3638888890625 0.041666665625 0.3875 0.12222222187500001 0.40416666562500003 0.95 0.4 0.9486111109375001 0.366666665625
0 0.95 0.3930555546875 0.134722221875 0.39166666562499997 0.0361111109375 0.415277778125 0.12083333437499999 0.427777778125 0.952777778125 0.427777778125 0.95 0.3930555546875
0 0.9555555546875001 0.42222222187499997 0.12361111093749999 0.41805555468750005 0.026388889062499997 0.44444444531249994 0.1111111109375 0.46388888906250003 0.959722221875 0.459722221875 0.9555555546875001 0.42222222187499997
0 0.9625 0.45277777812500003 0.1319444453125 0.4486111109375 0.034722221875 0.47083333437499997 0.11388888906250001 0.4888888890625 0.9638888890624999 0.4875 0.9625 0.45277777812500003
0 0.9611111109375001 0.47916666562500004 0.1305555546875 0.48055555468750005 0.0375 0.5013888890625 0.1125 0.5166666656250001 0.9680555546875 0.5138888890625 0.9611111109375001 0.47916666562500004
0 0.9694444453125 0.508333334375 0.12222222187500001 0.5055555546875 0.026388889062499997 0.5305555546875 0.102777778125 0.5458333343749999 0.972222221875 0.5486111109375 0.9694444453125 0.508333334375
0 0.9694444453125 0.5361111109375 0.11944444531250001 0.5361111109375 0.0236111109375 0.559722221875 0.109722221875 0.5791666656250001 0.9708333343750001 0.577777778125 0.9694444453125 0.5361111109375
0 0.975 0.5680555546875 0.1125 0.565277778125 0.020833334375000002 0.590277778125 0.0986111109375 0.6083333343749999 0.977777778125 0.604166665625 0.975 0.5680555546875
0 0.9805555546875 0.597222221875 0.1055555546875 0.597222221875 0.002777778125 0.6194444453125 0.090277778125 0.6388888890625 0.983333334375 0.6347222218749999 0.9805555546875 0.597222221875
0 0.9902777781250001 0.629166665625 0.10138888906250001 0.625 0.0055555546875 0.6513888890625 0.097222221875 0.6819444453125 0.9902777781250001 0.6861111109375 0.9902777781250001 0.629166665625