0 0.10976288593750001 0.3773422875 0.9273917656249999 0.30711530625 0.9199877031250001 0.2756814203125 0.1214486359375 0.338899409375 0.0406871984375 0.3630953875 0.10976288593750001 0.3773422875
0 0.11137812968750001 0.40504112656249996 0.93332843125 0.3372691953125 0.924133928125 0.29901554375 0.12298311875000001 0.36521330625 0.03398264375 0.39142389375 0.11137812968750001 0.40504112656249996
0 0.1114452140625 0.4300750265625 0.9376361796875001 0.363373203125 0.9343112546875 0.330239540625 0.12851597343750001 0.3884424859375 0.030051354687499997 0.41954251249999996 0.1114452140625 0.4300750265625
0 0.111431540625 0.4537239859375 0.942024690625 0.3908621546875 0.9372323687499999 0.35644849375 0.12319805156250001 0.416666046875 0.026120067187500002 0.44766113125 0.111431540625 0.4537239859375
0 0.10382492343750001 0.490467090625 0.950815384375 0.42219109687499995 0.94447490625 0.38511249687500004 0.11363947031249999 0.44381950156250005 0.0181096421875 0.477479525 0.10382492343750001 0.490467090625
0 0.108051909375 0.51518615625 0.9565905265625 0.44957510312500004 0.9531848390625 0.41505649843750003 0.1237360359375 0.473658559375 0.027963921875 0.5031637546875001 0.108051909375 0.51518615625
0 0.10828052031249999 0.5429899390624999 0.9622849062500001 0.475574165625 0.9533326875 0.4414753390625 0.12420693125 0.5056171671875 0.032513956249999997 0.5334225874999999 0.10828052031249999 0.5429899390624999
0 0.10027009375 0.572808334375 0.968463859375 0.5098828796875 0.9633484921875001 0.46992945312499995 0.1173408515625 0.5311757906250001 0.023116896875 0.5633459249999999 0.10027009375 0.572808334375
0 0.10914155156250001 0.6055222171875 0.9687732328124999 0.5390716078125 0.9649637359375 0.49762829062499997 0.11634435624999999 0.561854403125 0.0220396359375 0.5926395953125 0.10914155156250001 0.6055222171875
0 0.09974449375 0.6354455578125 0.977240878125 0.5648607796875 0.9723677953125 0.529062178125 0.11110719531249999 0.591462909375 0.021043140625 0.623318209375 0.09974449375 0.6354455578125
0 0.09320146406249999 0.6665439484375 0.9845641796875 0.5949097250000001 0.9796103328125 0.5577261828125 0.10603156093749999 0.623841296875 0.0047129156249999995 0.653766271875 0.09320146406249999 0.6665439484375
0 0.9927633828125 0.6160955484375 0.9911742953125 0.588845234375 0.10348690625000001 0.651854971875 0.0093437109375 0.685410046875 0.10263825625 0.7089524265625 0.9924180343750001 0.64577465625 0.9927633828125 0.6160955484375