0 0.121074815625 0.35516236874999996 0.9402490171875 0.31346253281249997 0.9341368015624999 0.2817621765625 0.1343071234375 0.31711769843750004 0.05269027187500001 0.33850028593750003 0.121074815625 0.35516236874999996
0 0.1215596046875 0.3829246296875 0.9449483171875 0.343831340625 0.9373262265625 0.305246978125 0.1347676734375 0.34349184843749997 0.044842996875 0.366601915625 0.1215596046875 0.3829246296875
0 0.12060723749999999 0.40796722812499997 0.9481862218750001 0.3700923671875 0.9462157984375 0.3368342125 0.139345775 0.3669200890625 0.039773076562499995 0.3945904265625 0.12060723749999999 0.40796722812499997
0 0.11963063125 0.43162171406249994 0.951448365625 0.39774150937499997 0.948065025 0.36315180156250004 0.132887178125 0.394965159375 0.03470315625 0.422578934375 0.11963063125 0.43162171406249994
0 0.1105401140625 0.4681085859375 0.958949259375 0.4293853046875 0.9541287625000001 0.39207593281249997 0.12223830937499999 0.42179179843750003 0.02549144375 0.45212524062500004 0.1105401140625 0.4681085859375
0 0.1137537796875 0.4929815015625 0.9636000812500001 0.4569778859375 0.9616054171874999 0.42233161875 0.13110364218749998 0.4519909203125 0.034284057812500005 0.4781600234375 0.1137537796875 0.4929815015625
0 0.1128498921875 0.5208003234375 0.9682266625 0.483182353125 0.9606772890625 0.44876232812500005 0.1302724703125 0.4839740859375 0.0375946796875 0.5085853890625 0.1128498921875 0.5208003234375
0 0.1036381796875 0.5503466328125 0.97299868125 0.5177154984375 0.9695183828125 0.4775733390625 0.12237671718750001 0.509299490625 0.026994290625 0.53818825625 0.1036381796875 0.5503466328125
0 0.1111633125 0.5833785406249999 0.9721190328124999 0.5469224359375 0.970003171875 0.5053356 0.12013263125 0.539951103125 0.0247259640625 0.5674517546875 0.1111633125 0.5833785406249999
0 0.100562921875 0.6129814078125 0.9795229687499999 0.573013778125 0.9761153890625 0.537035959375 0.11369827187499999 0.5693842874999999 0.022481878125 0.5981033671875 0.100562921875 0.6129814078125
0 0.09276412656250001 0.643859265625 0.9856109468750001 0.6033260234375 0.982179125 0.565960090625 0.1073123921875 0.6015936953125001 0.0049381 0.6279890421875 0.09276412656250001 0.643859265625
0 0.1004589359375 0.6866079671875001 0.99345119375 0.6544034046875 0.9924573750000001 0.5974907640625 0.10363115 0.6295256421875 0.0082729609375 0.659802521875 0.1004589359375 0.6866079671875001