0 0.10078125 0.26367105398631885 0.0984375 0.398020424013363
0 0.5484375 0.16123530263368333 0.125 0.32247060526736665
0 0.521875 0.15824666263527418 0.11875 0.31649332527054835
0 0.1296875 0.27192844931572807 0.0984375 0.424582924013363
0 0.15703125 0.25286027597868277 0.09375 0.39640338001272674
0 0.18828125 0.2610903993077739 0.10625 0.42623633068109024
0 0.2109375 0.22879551997136494 0.09375 0.37140338001272666
0 0.23671875 0.23474552796786513 0.1015625 0.3933692866804539
0 0.2609375 0.2360262172979107 0.1 0.40272610534690845
0 0.2796875 0.23815179129536537 0.115625 0.41697041868236295
0 0.30078125 0.2121250932925019 0.1078125 0.37312951201463573
0 0.3296875 0.20163248862191113 0.10625 0.36373633068109024
0 0.3578125 0.19896147461809316 0.1109375 0.3700408746817266
0 0.384375 0.19630864194782058 0.115625 0.3747829186823629
0 0.41640625 0.19046717461013896 0.1265625 0.37647268801718103
0 0.453125 0.18874750364020576 0.1265625 0.3774950072804115
0 0.47109375 0.17024722330522857 0.1140625 0.34049444661045714
0 0.503125 0.1786864319700923 0.125 0.3573728639401846
0 0.09558058750000001 0.7769955078125 0.8679634171874999 0.326724065625 0.8423254859375 0.2564014796875 0.06354026093750001 0.6963627078125 0.09558058750000001 0.7769955078125