0 0.13710452896968767 0.22257938284695733 0.059273735751042 0.40018353847458743
0 0.5945163322563196 0.1878125794810635 0.09215766451263914 0.3373214399258662
0 0.5670634794827779 0.18217021469027353 0.08725195896555586 0.32778274881887365
0 0.16550228590354185 0.2352802794889127 0.05832948480111146 0.42669147477225655
0 0.19406304378732658 0.22144595798203354 0.056148735751042 0.4000744110699257
0 0.22480455072118075 0.23422870017748526 0.066178352392292 0.42852679328391075
0 0.2499311840799307 0.20700400126594434 0.057092986700972584 0.3735664747722566
0 0.2751493896270141 0.21725202050323805 0.06385213297750028 0.39565972958157997
0 0.29945905860496547 0.2220040078893663 0.05941920611576421 0.4064335384745874
0 0.3183181613785071 0.2273462723173366 0.07529877925402814 0.41791667549789596
0 0.34121014751079876 0.20472722785229944 0.07115548670097258 0.37405754809323427
0 0.3715334271460765 0.19954122004775113 0.07249978115388914 0.36473711179556506
0 0.39967661094166684 0.2013046166897065 0.07573388392743086 0.3695337392002268
0 0.42627547853284736 0.20379469962933108 0.07896798670097258 0.37433036660488855
0 0.45827036094166684 0.2033507555271136 0.08994185429215307 0.37627481252120454
0 0.49424422853284733 0.2061682206807233 0.09161345706569471 0.3810168762235353
0 0.5157191850298612 0.18974461251335528 0.08143837005972258 0.3463144940095503
0 0.5464243243725349 0.20096485470880698 0.0897236487450698 0.36689981252120446
0 0.08161752343749999 0.729007840625 0.8940185703125 0.41379209843750003 0.875474075 0.33998503125 0.057725865625 0.643935496875 0.08161752343749999 0.729007840625