0 0.14765625 0.19921875 0.0296875 0.39765625
0 0.60859375 0.16953125 0.06640625 0.3390625
0 0.58125 0.1640625 0.0625 0.328125
0 0.175 0.2125 0.02578125 0.425
0 0.2046875 0.19921875 0.02578125 0.39765625
0 0.234375 0.2125 0.03359375 0.425
0 0.26171875 0.18515625 0.0296875 0.3703125
0 0.2859375 0.19609375 0.03359375 0.3921875
0 0.31015625 0.2015625 0.0296875 0.403125
0 0.328125 0.20703125 0.04453125 0.4140625
0 0.353125 0.18515625 0.04375 0.3703125
0 0.38359375 0.18046875 0.04453125 0.36015625
0 0.41171875 0.1828125 0.04765625 0.365625
0 0.43828125 0.18515625 0.0515625 0.3703125
0 0.4703125 0.18515625 0.0625 0.3703125
0 0.50703125 0.18828125 0.0625 0.3765625
0 0.5296875 0.171875 0.05546875 0.34375
0 0.559375 0.1828125 0.0625 0.365625
0 0.053431734375 0.7036559140625 0.8907084875000001 0.403198925 0.877723246875 0.329198925 0.03594465 0.6183172046875 0.053431734375 0.7036559140625