0 0.794732521875 0.47369134375 0.5790783359375 0.07902030156249999 0.5272489546875 0.0340464421875 0.5432157046875 0.1028127546875 0.7686029359375001 0.4866393265625 0.794732521875 0.47369134375
0 0.7478687078124999 0.49500822656250004 0.7688151765625 0.4794456046875 0.51412358125 0.122335565625 0.4525611609375 0.08820617343750001 0.4712782046875 0.157591378125 0.7478687078124999 0.49500822656250004
0 0.7515714375 0.4914965546875 0.4482181625 0.150953934375 0.40559033906249997 0.1225336453125 0.4246266328125 0.171714534375 0.73274030625 0.510431778125 0.7515714375 0.4914965546875
0 0.7379234218749999 0.5130464203125 0.40315044218749996 0.1958477375 0.35512726093749997 0.17200652656249998 0.38008686406250003 0.2268652125 0.7179293875 0.5244784734375 0.7379234218749999 0.5130464203125
0 0.7136969359374999 0.5365607296875 0.7288253328125001 0.5211371734375 0.3662266046875 0.25560880468749997 0.3083651421875 0.23679519531249998 0.3335369890625 0.2844601578125 0.7136969359374999 0.5365607296875
0 0.7115815921875 0.5331881218750001 0.3205221609375 0.32208377499999996 0.25102455625000003 0.30354830312500003 0.30041935 0.365353878125 0.700683878125 0.5553568828125 0.7115815921875 0.5331881218750001
0 0.6931714078125 0.575390821875 0.7023765015625 0.5542894703125001 0.2767208109375 0.3991250671875 0.2332440171875 0.399479671875 0.2716393953125 0.4399822125 0.6931714078125 0.575390821875
0 0.198961703125 0.4916976796875 0.19758655625 0.491388234375 0.25036836875 0.5322315265625 0.6954972234375 0.5903971609374999 0.6954989921875 0.5715696984374999 0.24942124375 0.47987971875 0.198961703125 0.4916976796875
0 0.69242768125 0.6099825812499999 0.69031410625 0.5877825203125 0.24020907343750003 0.5762909015625 0.1889023390625 0.5980562984375 0.2567073171875 0.617659175 0.69242768125 0.6099825812499999
0 0.6883022359375001 0.6090542421875 0.250882165625 0.69310808125 0.20571098124999998 0.7133575546875 0.259764475 0.7298659671875 0.7026869046875001 0.628222453125 0.6883022359375001 0.6090542421875
0 0.6968688328125 0.628361528125 0.2826087390625 0.7813520546875 0.2361658671875 0.8259364031249999 0.2909613265625 0.8266805156249999 0.7122059359375 0.6433991671875 0.6968688328125 0.628361528125
0 0.70977311875 0.6414034234375 0.336758625 0.8978146296875 0.306182578125 0.9488660484375 0.3674328296875 0.927889915625 0.728600709375 0.6601231171874999 0.70977311875 0.6414034234375