0 0.7661602171874999 0.36347111875000004 0.44224149687500003 0.0632067109375 0.379258484375 0.0380132671875 0.41502715312499994 0.097483646875 0.7450242125 0.3843139703125 0.7661602171874999 0.36347111875000004
0 0.7276845421875 0.3990586984375 0.7430832109375001 0.377469509375 0.3930168140625 0.1254986203125 0.32395546875000003 0.11373925625 0.3625394703125 0.172881975 0.7276845421875 0.3990586984375
0 0.7301798749999999 0.3945260625 0.338502465625 0.17426543125 0.289255125 0.1616141 0.32212279375 0.20162508906249998 0.717809871875 0.41859090625000006 0.7301798749999999 0.3945260625
0 0.7235472078125 0.4193372453125 0.3087717921875 0.23146039843750002 0.25572811562500003 0.22490719375 0.2959541203125 0.2683040015625 0.7078285375 0.436721453125 0.7235472078125 0.4193372453125
0 0.70738086875 0.4495002171875 0.7172555359375 0.4299680046875 0.2912624515625 0.2999596515625 0.230306103125 0.3013977234375 0.2685911125 0.3379500671875 0.70738086875 0.4495002171875
0 0.7043521984375001 0.44702455781249995 0.26735477812499997 0.3776880078125 0.19535042656249998 0.38324003906250004 0.26102110624999997 0.4250895609375 0.7005348687499999 0.4715080796875 0.7043521984375001 0.44702455781249995
0 0.6993195296875 0.49286062499999994 0.7018358640625 0.4699425890625 0.24841676562499998 0.46473648437500004 0.20693342499999998 0.47946301093750004 0.2557331 0.504893096875 0.6993195296875 0.49286062499999994
0 0.20162441874999998 0.577651940625 0.200216753125 0.5778157703125 0.2628797640625 0.5988042375 0.7060168671875 0.506221890625 0.7004072 0.48849181406250003 0.2463707625 0.549818996875 0.20162441874999998 0.577651940625
0 0.7089178656249999 0.52568128125 0.7002795296875 0.5054755531249999 0.2662930953125 0.6436573203125 0.22370108593750002 0.681138046875 0.2944044359375 0.6771515015625 0.7089178656249999 0.52568128125
0 0.7046948656249999 0.526172771875 0.3113190984375 0.7501287750000001 0.27414442656250004 0.7841508625 0.33077110625 0.781802621875 0.72416786875 0.5394612234375 0.7046948656249999 0.526172771875
0 0.7186438671875 0.5415182078125 0.367968446875 0.8227237781250001 0.33683010156250004 0.8800825703124999 0.389468115625 0.8626437453125 0.7377968703125 0.5506016796875 0.7186438671875 0.5415182078125
0 0.7348748703125 0.5495276859375 0.4544777921875 0.9144687078124999 0.4404447875 0.97266485625 0.49278380000000005 0.9326356562499999 0.758464209375 0.5609229859375 0.7348748703125 0.5495276859375