0 0.42897602187499995 0.032455421875 0.46002033750000004 0.0959551640625 0.7662301953124999 0.42050938593750004 0.7888078796875 0.4021650171875 0.48965355156249996 0.06491084375 0.42897602187499995 0.032455421875
0 0.43603154687499995 0.1213550578125 0.36829849375 0.10159958281249999 0.4021650171875 0.165099325 0.7478858265625 0.4332093375 0.7648190890625 0.41345386250000005 0.43603154687499995 0.1213550578125
0 0.3301986484375 0.14534384843749998 0.3598318578125 0.189088115625 0.7365969828125001 0.45155370625 0.7507080359375 0.42897602187499995 0.3781762265625 0.16368821718749998 0.3301986484375 0.14534384843749998
0 0.2920988046875 0.20461027187499997 0.3287875421875 0.252587853125 0.7253081421875 0.46848696875 0.7422414046875 0.45296481406250005 0.34430970156249996 0.217310221875 0.2920988046875 0.20461027187499997
0 0.3217320140625 0.28363217343749997 0.261054484375 0.2779877515625 0.2963321203125 0.31890980468749996 0.7238970359375 0.4811869203125 0.735185875 0.462842546875 0.3217320140625 0.28363217343749997
0 0.22013243125 0.3555985421875 0.2822210671875 0.40498723124999997 0.7154304046875 0.5023534984375 0.721074821875 0.47836470625 0.2920988046875 0.35842075625 0.22013243125 0.3555985421875
0 0.26669890625 0.44308707500000005 0.224365746875 0.45296481406250005 0.270932221875 0.484009128125 0.7126081906249999 0.5235200796874999 0.71684150625 0.500942390625 0.26669890625 0.44308707500000005
0 0.7140192984375 0.519286759375 0.258232275 0.5277533953125 0.21166580000000002 0.5503310796875 0.21025469375 0.5503310796875 0.270932221875 0.5785531859375 0.7182526140625 0.5376311328125001 0.7140192984375 0.519286759375
0 0.270932221875 0.62370855625 0.225776853125 0.656163978125 0.2963321203125 0.66039729375 0.7196637203125 0.5573866046875 0.7126081906249999 0.5362200265625 0.270932221875 0.62370855625
0 0.2681100140625 0.7648190890625 0.3245542265625 0.7690524046875 0.7337747734375 0.5729087640625 0.7154304046875 0.5573866046875 0.307620959375 0.735185875 0.2681100140625 0.7648190890625
0 0.32314312031250003 0.8678297781250001 0.37676512500000003 0.8565409374999999 0.7464747203125001 0.5856087109375 0.7281303515625 0.574319871875 0.35842075625 0.814207778125 0.32314312031250003 0.8678297781250001
0 0.41909828437499996 0.9722515734374999 0.47413139062500004 0.93838504375 0.7662301953124999 0.5983086625 0.7436525109375001 0.584197609375 0.437442653125 0.915807359375 0.41909828437499996 0.9722515734374999