0 0.2281628359375 0.505745865625 0.28598834375000004 0.4847039015625 0.19927855156250002 0.329254903125 0.131334265625 0.274457365625 0.1528865296875 0.3910202328125 0.2281628359375 0.505745865625
0 0.3056551265625 0.6680350640625 0.3746284234375 0.6474686609375 0.258020415625 0.3961075671875 0.19096660000000001 0.31767881875000004 0.19598010625 0.4290253359375 0.3056551265625 0.6680350640625
0 0.3434305765625 0.5918875109374999 0.3922358015625 0.5819137078125001 0.301615284375 0.24018895156250003 0.2248345015625 0.1490599 0.2168366828125 0.26264295625 0.3434305765625 0.5918875109374999
0 0.23240422343749997 0.3115353375 0.23632577187499998 0.3739341046875 0.3339176078125 0.5923859125 0.392038825 0.5776858140625001 0.296583771875 0.33687150312499997 0.23457250937500002 0.2680710609375 0.23240422343749997 0.3115353375
0 0.2934146890625 0.6782123203125 0.3543028546875 0.6887964484375 0.3962032265625 0.3941656671875 0.36346318125 0.30996557343750003 0.301074509375 0.39914963124999997 0.2934146890625 0.6782123203125
0 0.36292851718749997 0.49868524843750006 0.429124615625 0.48674069218750005 0.36552686875 0.2474359984375 0.32255585781249996 0.199554940625 0.3164563796875 0.31993710625 0.36292851718749997 0.49868524843750006
0 0.3305286140625 0.31496162499999997 0.42009548125 0.7023022203125 0.4817320734375 0.69483475625 0.42553362968749997 0.2775820109375 0.3366232984375 0.13875719687500002 0.3305286140625 0.31496162499999997
0 0.45427610781250005 0.5489959 0.5191328562499999 0.5424193374999999 0.5150737265625 0.18238530625 0.47130625468750004 0.06596616875 0.431781975 0.202642346875 0.45427610781250005 0.5489959
0 0.434590715625 0.604064234375 0.490279440625 0.6053848140625 0.5542674953125 0.17079591875 0.5185052875 0.055548346875 0.45065993750000005 0.19847465625 0.434590715625 0.604064234375
0 0.4158806796875 0.714178065625 0.4959425171875 0.72693625 0.614112928125 0.36367707031249996 0.61519135 0.25440386875 0.5329089546875 0.36051468125 0.4158806796875 0.714178065625
0 0.6031131109375 0.3663724765625 0.6592942828125 0.37826274375 0.7266713296875 0.2210981359375 0.728450159375 0.12664705468749998 0.6350089875 0.2322577703125 0.6031131109375 0.3663724765625
0 0.470879990625 0.7007010625000001 0.52532809375 0.7095034484375 0.6563203468750001 0.3826567265625 0.6577367359374999 0.2720372828125 0.5734815578125 0.378520415625 0.470879990625 0.7007010625000001
0 0.6359553 0.389021434375 0.59276390625 0.5194897593750001 0.767224646875 0.30691603437500004 0.8129128578125 0.19107836875 0.67943239375 0.29880103125 0.6359553 0.389021434375
0 0.7408624890625 0.32101179062499996 0.7485146171875 0.4170298234375 0.8671686140625001 0.26883378593749996 0.9085544249999999 0.1542876265625 0.785915396875 0.2646143640625 0.7408624890625 0.32101179062499996
0 0.538228234375 0.64525465 0.6107566296875 0.666883946875 0.760755296875 0.40685259531250006 0.763509228125 0.3247588375 0.6580438921875 0.41965064218750003 0.538228234375 0.64525465