0 0.248711440625 0.5365348328125 0.3031145359375 0.5102186875 0.19549963125 0.363576459375 0.1205045046875 0.3153579328125 0.15810270625 0.42935757812500003 0.248711440625 0.5365348328125
0 0.3481397625 0.690841234375 0.4136618859375 0.6639621109375 0.263049228125 0.42464764062500004 0.18564670625 0.35282861875 0.206120759375 0.46317434375 0.3481397625 0.690841234375
0 0.3749910265625 0.611547928125 0.42199175625 0.597085278125 0.2845634578125 0.2654254265625 0.19574851875 0.1818712796875 0.20363350468750002 0.2956522875 0.3749910265625 0.611547928125
0 0.22587591406250002 0.342862759375 0.23845210625000002 0.40459731718749997 0.365628496875 0.612928225 0.42120778750000004 0.592896 0.2930363453125 0.3621113609375 0.221974009375 0.29940566875 0.22587591406250002 0.342862759375
0 0.33742063125 0.7021074375 0.39926373125 0.7069808046875 0.3997844015625 0.40987012187499994 0.355599740625 0.3291177984375 0.30616007968750003 0.42367295 0.33742063125 0.7021074375
0 0.38134589375 0.5169808265625 0.44531493906249997 0.4989403 0.34893958281250004 0.2666966953125 0.29966797500000003 0.2230400109375 0.310381796875 0.3434110125 0.38134589375 0.5169808265625
0 0.32364138593749997 0.337151325 0.4663763 0.7143058828125 0.5264480484375 0.701144784375 0.41263247031250005 0.2911199296875 0.305150434375 0.1612266 0.32364138593749997 0.337151325
0 0.4789202140625 0.558558534375 0.542308728125 0.5459847234375 0.48815507187499996 0.188057115625 0.42855093593750004 0.0762655484375 0.4083934078125 0.2159593515625 0.4789202140625 0.558558534375
0 0.4670699359375 0.6151922765625 0.5224680890625 0.611329903125 0.5254012859375 0.172880084375 0.47389733593749994 0.06151031875 0.42653025156249996 0.210056853125 0.4670699359375 0.6151922765625
0 0.463850934375 0.7265164859375 0.545007053125 0.73177115625 0.6115925453125 0.359271903125 0.59744719375 0.2504232515625 0.53064008125 0.36367310937499997 0.463850934375 0.7265164859375
0 0.601061734375 0.3629768640625 0.6584198031249999 0.3695876421875 0.7033401109375 0.2069147234375 0.69195295 0.11275189999999999 0.614012496875 0.226541340625 0.601061734375 0.3629768640625
0 0.5165052109375 0.7079916828124999 0.571715034375 0.7116905078125 0.656082996875 0.37423696875 0.6420852906250001 0.26401712499999996 0.573374040625 0.377820896875 0.5165052109375 0.7079916828124999
0 0.6367776359375 0.3824641640625 0.6121198875 0.5163208078125 0.7554967312499999 0.288550790625 0.7846671140625 0.1690224484375 0.6673225421875 0.2886355921875 0.6367776359375 0.3824641640625
0 0.7313217812499999 0.3050293765625 0.752277725 0.399874959375 0.8492868625 0.24136103125 0.8743713218750001 0.1235179265625 0.7681383984375 0.24471485781250002 0.7313217812499999 0.3050293765625
0 0.5755596296875 0.6465511234375 0.65048165625 0.661334584375 0.7629970984375001 0.3886087625 0.754297296875 0.3066532734375 0.6629426796875 0.41089300156249997 0.5755596296875 0.6465511234375