0 0.2105397109375 0.3138506109375 0.14523805781250002 0.2555555578125 0.16133756875 0.37312212968749997 0.231172975 0.4916651234375 0.2898982359375 0.47367194375 0.2105397109375 0.3138506109375
0 0.266090678125 0.3837063234375 0.20277774218750003 0.30185185312499996 0.2026038578125 0.41334206250000005 0.30100838125 0.6578369578125 0.370844028125 0.6409022609374999 0.266090678125 0.3837063234375
0 0.3168800859375 0.2302354921875 0.24444440781250001 0.1351851875 0.231172975 0.24822859218749999 0.3422749109375 0.583747590625 0.3914772921875 0.5763386875000001 0.3168800859375 0.2302354921875
0 0.30735720781250003 0.326551653125 0.248631946875 0.2545791328125 0.24444440781250001 0.2978835984375 0.2454574109375 0.3604210875 0.33275178906249997 0.583747590625 0.3914772921875 0.5721049921875 0.30735720781250003 0.326551653125
0 0.40417446406249996 0.388998421875 0.37539678906249996 0.303174603125 0.3089442328125 0.388998421875 0.2883112109375 0.66736275 0.34862349375 0.6811222359375 0.40417446406249996 0.388998421875
0 0.38036690625 0.2408196890625 0.33968250312500003 0.19074074218749998 0.327990471875 0.31067536093750003 0.3660824671875 0.4916651234375 0.43274358125 0.48319773593750004 0.38036690625 0.2408196890625
0 0.47559713593749997 0.6938232375 0.43888885312500003 0.2740740765625 0.356559346875 0.130744040625 0.3422749109375 0.3064416671875 0.4136975828125 0.69805693125 0.47559713593749997 0.6938232375
0 0.5327353687499999 0.1836650171875 0.4944444078125 0.0650793671875 0.4486152859375 0.1995413109375 0.4549641109375 0.5467029078125 0.5200379578125001 0.543527696875 0.5327353687499999 0.1836650171875
0 0.5724146328125 0.1741392265625 0.54206345625 0.0571428578125 0.4676612828125 0.196366059375 0.43274358125 0.6006822875 0.488294546875 0.60491598125 0.5724146328125 0.1741392265625
0 0.6232040421875 0.3699468390625 0.6293650421875 0.2608465609375 0.5422584890625 0.3625379328125 0.40893602187500006 0.70969953125 0.488294546875 0.726634228125 0.6232040421875 0.3699468390625
0 0.742241828125 0.23341074218750002 0.7484126609375 0.13915344062499999 0.6501858921875 0.23976124375 0.61209389375 0.3720636859375 0.6676448640625 0.3868815734375 0.742241828125 0.23341074218750002
0 0.66447056875 0.391115228125 0.6710317078125 0.28068783124999996 0.581937753125 0.3826478796875 0.4644869890625 0.6991153359375 0.5184509328125 0.7107579328125 0.66447056875 0.391115228125
0 0.7787467968749999 0.32125955624999997 0.82976186875 0.207936509375 0.69145241875 0.3085585125 0.64383730625 0.3964073265625 0.594634921875 0.5244761125 0.7787467968749999 0.32125955624999997
0 0.8803256140625001 0.2884485671875 0.9269840921875 0.176190478125 0.7993800640625001 0.279981178125 0.7517649468750001 0.3339605984375 0.7549392421875 0.430276759375 0.8803256140625001 0.2884485671875
0 0.7676366531250001 0.42075100781249997 0.7742063140625 0.338888890625 0.66447056875 0.42815991249999996 0.5343226390625 0.6472527625 0.6057453109375001 0.672654846875 0.7676366531250001 0.42075100781249997