0 0.40384316406250004 1 0.025802156250000003 0.2494062875 0.0085587171875 0.24508958593750002 0.014492084375 0.41499899687499997 0.2827896109375 1 0.40384316406250004 1
0 0.58144288125 1 0.1206201203125 0.197375053125 0.054877240625000004 0.2427513703125 0.46296294375 1 0.58144288125 1
0 0.726031171875 1 0.7736454234375 0.995514378125 0.19295713125 0.13831435 0.142385971875 0.18748865625 0.6534739265625 1 0.726031171875 1
0 0.8310966125 0.9901218 0.961314884375 0.9778694375000001 0.2804656234375 0.08305165625000001 0.219267896875 0.144983140625 0.8377568671875 0.988189159375 0.8310966125 0.9901218
0 1 0.8123996874999999 0.379734071875 0.0593414875 0.3204915171875 0.1028002125 1 0.9585779359375 1 0.8123996874999999
0 1 0.642235896875 0.4352456671875 0.016874060937499998 0.4050871921875 0.066100384375 1 0.7668843890625 1 0.642235896875
0 1 0.47842454375 0.5567329875 0.016199275 0.46974936093749997 0.0136683109375 1 0.595431734375 1 0.47842454375
0 1 0.40274122187500005 0.994499821875 0.3607458984375 0.6555897328125 0.0190757125 0.5606276015625 0.016312596874999998 1 0.4549939765625 1 0.40274122187500005
0 0.9729207078125001 0.23270143281250003 0.7445723796875 0.021664843750000003 0.6501651953125 0.018917875 0.9912631031249999 0.3401487328125 0.9729207078125001 0.23270143281250003
0 0.9542808890625001 0.1218154171875 0.8364878687499999 0.0243393109375 0.742765346875 0.0216122640625 0.9701135375 0.21150293593749997 0.9542808890625001 0.1218154171875
0 0.9411356203125001 0.038164264062499995 0.9271798578125001 0.026978178125000002 0.84020614375 0.024447501562499998 0.9566706703125 0.120016540625 0.9411356203125001 0.038164264062499995