0 0.5459746326773213 0.5081230024389273 0.289915804338138 0.9685353603878557
0 0.8563251453125 0.0701819890625 0.7872334734375 0.98564924375 0.865718871875 0.9842792765624999 0.9240316906249999 0.0651697546875 0.8563251453125 0.0701819890625
0 0.7688041078125 0.0482734328125 0.666606715625 0.9877547921875 0.7425258375 0.9864296187500001 0.8373318031249999 0.0486707609375 0.7688041078125 0.0482734328125
0 0.699724246875 0.0411893078125 0.5430890078124999 0.9899108015625 0.6193927875 0.9885789140625001 0.7585152640625 0.05058741875 0.699724246875 0.0411893078125
0 0.3713681015625 0.980750415625 0.6078581062499999 0.0119879609375 0.5464914640625 0.000858546875 0.2883864453125 0.970453578125 0.3713681015625 0.980750415625
0 0.46815393125 0 0.17460067968749998 0.9522510234375 0.2569559171875 0.9654292140624999 0.533555171875 0 0.46815393125 0
0 0.15916468125 0.9468283749999999 0.44238466406250004 0.025125198437500003 0.38587206875 0.0002557609375 0.0797741234375 0.9371056015624999 0.15916468125 0.9468283749999999
0 0 0.9192221249999999 0.047728248437499995 0.9290145687500001 0.3574682453125 0.02342760625 0.28650653125000003 0.0252803359375 0 0.821711125 0 0.9192221249999999
0 0 0.79071344375 0.2759488359375 0.028870918750000002 0.222422490625 0.008437903125 0 0.5895942953125 0 0.79071344375
0 0.1570995453125 0 0.0119386765625 0.33769076249999996 0 0.39628654218750003 0 0.5310176171875 0.211864559375 0.012028446875 0.19080691875 0 0.1570995453125 0
0 0.038262714062499995 0.2233548375 0.1220986140625 0.03335809375 0.085767846875 0.010395271875 0.06585166406250001 0.0679145890625 0.038262714062499995 0.2233548375