0 0.328121128125 1 0.059969020312499996 0.185467734375 0.0163649953125 0.16819220937499998 0.009582228125 0.300956346875 0.2072538078125 0.9871222968750001 0.301989409375 1 0.328121128125 1
0 0.49760566875 1 0.162680884375 0.1470255109375 0.09000726718749999 0.182815734375 0.38443534687500003 0.9982270265625001 0.4010661328125 1 0.49760566875 1
0 0.6799592 1 0.2440750640625 0.09867349375 0.1859363625 0.140222234375 0.5653335140625 1 0.6799592 1
0 0.864258975 1 0.3400039171875 0.0560799859375 0.2692685796875 0.1087407796875 0.74342448125 1 0.864258975 1
0 1 0.9619637515624999 0.4427157828125 0.046054053125 0.37682517656250003 0.080829196875 0.913169153125 1 1 1 1 0.9619637515624999
0 1 0.7461413640625 0.5047303171874999 0.011754128125 0.4669401609375 0.0560818796875 1 0.9027941046875 1 0.7461413640625
0 1 0.5467404625000001 0.6181010203125 0.016370346875 0.539613534375 0.0131745 1 0.6889464281250001 1 0.5467404625000001
0 1 0.41283240781249997 0.7101538015625 0.0246521859375 0.628759621875 0.026504673437499997 1 0.51857799375 1 0.41283240781249997
0 1 0.286944125 0.785734353125 0.0251464875 0.705309071875 0.02574683125 1 0.3929635265625 1 0.286944125
0 1 0.177774271875 0.8642215984374999 0.029633915625 0.7847652125 0.028982121875 1 0.2660253875 1 0.177774271875
0 1 0.09404455 0.940771046875 0.031459259375 0.8671285328125 0.0297522796875 1 0.17349754374999998 1 0.09404455