0 0.5709367522394952 0.5149720066946927 0.12756556478384057 0.9700559866106147
0 1 0.917256665625 0.8305118374999999 0.016241606250000002 0.7653161796875 0.032899953125 0.9353089171875 1 0.9575832375 1 1 0.997713115625 1 0.917256665625
0 0.8361136874999999 1 0.8876426109375 0.992665328125 0.7413467203125 0.0152124671875 0.6740044359375 0.0267353859375 0.8121014515624999 1 0.8361136874999999 1
0 0.7266625 1 0.7629861874999999 0.9948429828125 0.6644819234375 0.0307814328125 0.60446288125 0.031829921875 0.6872262859375 1 0.7266625 1
0 0.51510050625 1 0.5070797875 0.019304934375 0.44410424062500004 0.0191118390625 0.43129811093750003 1 0.51510050625 1
0 0.39942334687500003 1 0.43136190625 0.0154547421875 0.36762885624999997 0.0204478078125 0.3156400546875 1 0.39942334687500003 1
0 0.2990018859375 1 0.3479628734375 0.0608834828125 0.28634470312500004 0.0464404765625 0.2191651265625 1 0.2990018859375 1
0 0.1857137703125 1 0.26421661875 0.0739861984375 0.1950436375 0.088127565625 0.1027091953125 1 0.1857137703125 1
0 0.0916987765625 1 0.1855737375 0.093465921875 0.1279855234375 0.0828325375 0.021130640625 0.95503710625 0.074769015625 1 0.0916987765625 1
0 0.0187606515625 0.77188823125 0.1185153828125 0.0881709 0.0644837875 0.0697153453125 0.0030567562499999998 0.44067050312499995 0.0187606515625 0.77188823125
0 0.0018451718749999998 0.3171580875 0.0357181953125 0.1245843421875 0.00064539375 0.11093384218749999 0.0018451718749999998 0.3171580875