0 0.2520955671875 1 0.010472754687499999 0.4499522734375 0.011948071875 0.513337909375 0.036315828125 0.714369728125 0.1394771171875 1 0.2520955671875 1
0 0.4303047484375 1 0.0512157984375 0.2473412046875 0.0066593328125 0.28611209843749996 0.007791107812500001 0.334737759375 0.32693696562499996 1 0.4303047484375 1
0 0.6257978 1 0.1392473359375 0.17736837656249999 0.078372028125 0.2246046921875 0.5009249609374999 1 0.6257978 1
0 0.791818853125 1 0.834829234375 0.9979741671875001 0.2392849109375 0.14060381875 0.17198261406249998 0.18308607187499998 0.7063740703125 1 0.791818853125 1
0 0.278750490625 0.153446878125 0.886794090625 0.9915530265625 0.9895770875000001 0.987086790625 0.34253819375 0.11381501406250001 0.278750490625 0.153446878125
0 1 0.7876802390625001 0.402093478125 0.0562587734375 0.3586552234375 0.0957601734375 1 0.9371082906250001 1 0.7876802390625001
0 1 0.610773509375 0.49360431406250005 0.0210703703125 0.4047108828125 0.0312295203125 1 0.737951546875 1 0.610773509375
0 1 0.4554096796875 0.61710818125 0.0540330203125 0.585028809375 0.02042965625 0.5456746265625 0.019055378125 0.5122256109375 0.0301733796875 1 0.574912709375 1 0.4554096796875
0 1 0.427796040625 0.9840961125 0.32091547187499997 0.6802400453125 0.023754506249999998 0.595026771875 0.0207787921875 1 0.4453561078125 1 0.427796040625
0 0.9656450640625 0.205102578125 0.7752823531249999 0.02707345625 0.684299834375 0.0238962765625 0.9806721359375 0.31090589999999996 0.9656450640625 0.205102578125
0 0.9568783125 0.10812684531250001 0.8631097640625001 0.0301404578125 0.781803071875 0.027301165625000002 0.9698312343750001 0.195824340625 0.9568783125 0.10812684531250001
0 0.9516865343750001 0.0466835171875 0.933361671875 0.0325937078125 0.8669565546875001 0.030274790625 0.9586109015625001 0.108103840625 0.9516865343750001 0.0466835171875