0 0.325789329375109 0.5374823401626878 0.18477271522724995 0.9250353196746243
0 0.6483235589211379 0.5179213574292978 0.1745626409332129 0.9524169937534841
0 0.5400564178549111 0.5326862767345796 0.15062503576036335 0.9346274465308408
0 0.430204044735373 0.5472027738077133 0.1561021459477777 0.9055944523845734
0 0.014861342187500001 1 0.0874717 0.437367915625 0.1123651125 0.0956855125 0.0527641359375 0.08656749687500001 0 0.5461486 0 0.7725178921875 0.014237782812499999 1 0.014861342187500001 1
0 0.12695537343750002 1 0.1920403171875 0.09705359375 0.1357196203125 0.10126774218750001 0.033713559375 1 0.12695537343750002 1
0 0.25228811093750003 1 0.2726749390625 0.095963565625 0.21050818750000003 0.0975338515625 0.1533587328125 1 0.25228811093750003 1
0 0.8446355062500001 0.979893446875 0.7293151578125 0.071369790625 0.6629772796875 0.0737101390625 0.7535565281250001 0.98459136875 0.8446355062500001 0.979893446875
0 0.9540689875 0.972892021875 0.820252834375 0.0687835421875 0.7558441640625 0.0652303421875 0.8688463546875 0.978344465625 0.9540689875 0.972892021875
0 0.8410607921875 0.0596367296875 0.9764395890625 0.8155366609374999 0.98456854375 0.536162584375 0.8986883546875 0.0573016640625 0.8410607921875 0.0596367296875
0 0.9364846671875 0.061347167187499996 0.976318828125 0.25809062968749996 0.9662121828125001 0.010458715625 0.9427445125 0.0054945406250000006 0.9364846671875 0.061347167187499996