0 0.5671875 0.5125 0.0875 0.975
0 0.9922480625000001 0.9967700265625 0.8476891953125 0.0135830109375 0.7818086234375 0.029091407812499998 0.9126010171875001 0.9996640828125001 0.9922480625000001 0.9967700265625
0 0.8650678296875001 0.990310078125 0.758556928125 0.0109980625 0.6907386140625 0.021337209375 0.78955935 0.999677003125 0.8650678296875001 0.990310078125
0 0.740310078125 0.990310078125 0.6810503875 0.025214146875 0.6209825578125 0.025214146875 0.664580184375 0.999677003125 0.740310078125 0.990310078125
0 0.4920058140625 0.9967700265625 0.5240995640625 0.0109980625 0.461125484375 0.00970575 0.4078398734375 0.999677003125 0.4920058140625 0.9967700265625
0 0.37572674375 0.999677003125 0.448530765625 0.0058288109375 0.3845879359375 0.00970575 0.291580184375 0.9996640828125001 0.37572674375 0.999677003125
0 0.2751937984375 0.9967700265625 0.3632734984375 0.0497693796875 0.30223716093749997 0.03426098125 0.19469694843750002 0.999677003125 0.2751937984375 0.9967700265625
0 0.161337209375 0.9967700265625 0.2789852234375 0.061400839062500004 0.209229409375 0.0743246125 0.07843725781250001 0.993202196875 0.161337209375 0.9967700265625
0 0.066860465625 0.9967700265625 0.1995411828125 0.0794938625 0.1423800875 0.0678627265625 0 0.937582040625 0.066860465625 0.9967700265625
0 0.005087209375 0.7545219640624999 0.13269161875 0.0730319765625 0.0794060078125 0.0536463171875 0.0028682171875 0.423265503125 0.005087209375 0.7545219640624999
0 0.005087209375 0.3071705421875 0.04840334375 0.10797416093750001 0.0077124515625 0.09117345 0 0.150622415625 0.005087209375 0.3071705421875