0 0.3390625 0.528125 0.09375 0.92734375
0 0.66171875 0.52578125 0.08125 0.9484375
0 0.553125 0.53359375 0.0578125 0.93203125
0 0.44375 0.5453125 0.0671875 0.909375
0 0.1443175875 0.0691550390625 0.0852189921875 0.056231265625000006 0.0014534890625 0.59140826875 0.0096499515625 0.9699396 0.1055644375 0.4090490953125 0.1443175875 0.0691550390625
0 0.2237618703125 0.075616925 0.1673934109375 0.076227390625 0.0241826546875 0.9990403750000001 0.11912815000000002 0.999677003125 0.2237618703125 0.075616925
0 0.24604505781250002 0.9986443796875 0.304263565625 0.0796834625 0.2421695734375 0.077277778125 0.1462553296875 0.9960597546875001 0.24604505781250002 0.9986443796875
0 0.8389697187499999 0.999677003125 0.7609011625 0.084302325 0.6946138562499999 0.0823995484375 0.747899709375 0.99854845 0.8389697187499999 0.999677003125
0 0.948447675 0.999677003125 0.8517441859374999 0.0875323 0.7876218500000001 0.0798627265625 0.86319040625 0.999677003125 0.948447675 0.999677003125
0 0.9997577515625 0.587765503125 0.93047480625 0.0810723515625 0.8728788765625 0.079721253125 0.9968892921875 0.9882600125 0.9997577515625 0.587765503125
0 0.9680232562500001 0.0875323 0.9997577515625 0.28670962499999997 0.9997577515625 0.0385739671875 0.9765438468750001 0.0321120796875 0.9680232562500001 0.0875323