0 0 0.662306525 0.0765503875 0.9967700265625 0.19082170468749998 0.999677003125 0.0018994671875 0.3779841734375 0 0.662306525
0 0.0745617734375 0.199636628125 0.0077124515625 0.24745445781250003 0.2642926359375 0.9967700265625 0.2731722390625 0.999677003125 0.366179990625 0.99832364375 0.0745617734375 0.199636628125
0 0.43507751875 0.9967700265625 0.555102228125 0.9931543921875001 0.171445009375 0.1363104 0.10459568749999999 0.17895865625000001 0.43507751875 0.9967700265625
0 0.20341642499999998 0.144274225 0.6349321703124999 0.9967700265625 0.761463178125 0.999677003125 0.27607873125000004 0.1067952203125 0.20341642499999998 0.144274225
0 0.31386312968749996 0.12230394062500001 0.8141957359375 0.9969315249999999 0.917445009375 0.999677003125 0.38265019375 0.08740956093749999 0.31386312968749996 0.12230394062500001
0 0.449499515625 0.03442248125 0.401057896875 0.07060885 0.9631782953125001 0.9985465109374999 0.9997577515625 0.99724095625 0.9997577515625 0.873172803125 0.449499515625 0.03442248125
0 0.5454137593749999 0.005876615625 0.45531249999999995 0.0097538765625 0.9946705421875001 0.8045865640625 0.9997577515625 0.814902778125 0.9997577515625 0.6611101421875001 0.5454137593749999 0.005876615625
0 0.627764534375 0 0.5628529546875 0.0162157625 0.9983042640625 0.6156330750000001 0.9997577515625 0.4775930234375 0.664580184375 0.0472325578125 0.627764534375 0
0 0.9997577515625 0.4659618859375 0.9970930234375001 0.33785529687500004 0.7139905515625 0.000707040625 0.637453003125 0.000707040625 0.9997577515625 0.4659618859375
0 0.99495155 0.3276776484375 0.9934593015625 0.221576228125 0.7982788281250001 0 0.7207722875 0.0045843015624999995 0.99495155 0.3276776484375
0 0.9988267921875 0.21265633125 0.9970930234375001 0.124677003125 0.87481661875 0.0019996765625 0.8118425390624999 0.0097538765625 0.9988267921875 0.21265633125
0 0.9988267921875 0.12477519374999999 0.9997577515625 0.06330749375 0.9348842046874999 0.0032919890625000003 0.881598353125 0.0045843015624999995 0.9988267921875 0.12477519374999999