0 0.0077124515625 0.176421834375 0.0009307171875000001 0.30953649843750003 0.198572190625 0.9880326234375 0.32064510625 0.9996640828125001 0.051309835937500006 0.19193055625 0.0077124515625 0.176421834375
0 0.08134350781250001 0.18805329531249998 0.37572674375 0.9919250640625 0.4930969 0.9996640828125001 0.15400605625 0.1492823 0.08134350781250001 0.18805329531249998
0 0.2353878390625 0.097587209375 0.17725799375 0.141527778125 0.559835271875 0.9935400515625 0.5667281984375 0.999677003125 0.6800813953125 0.9996640828125001 0.2353878390625 0.097587209375
0 0.3313020828125 0.051061692187499994 0.26057751875 0.1066337203125 0.7451550390625 0.9983850125 0.738211240625 0.999677003125 0.869972384375 0.999677003125 0.3313020828125 0.051061692187499994
0 0.4339983046875 0.0368456078125 0.3681177328125 0.0743246125 0.9171511625000001 0.9935400515625 0.9997577515625 0.9906175703125 0.9988267921875 0.9427997421875001 0.4339983046875 0.0368456078125
0 0.49600339218749995 0 0.4582189921875 0.04589211875 0.9969683390625 0.880297846875 0.9997577515625 0.726973190625 0.49600339218749995 0
0 0.5308812984375 0 0.9953751078125 0.6633590890625001 0.9997577515625 0.5266553625 0.6093568312500001 0 0.5308812984375 0
0 0.6200138078124999 0.00970575 0.9970930234375001 0.49450904375000004 0.9997577515625 0.392248384375 0.701395590625 0.004536175 0.6200138078124999 0.00970575
0 0.9997577515625 0.3715704140625 0.9983042640625 0.26356589218750004 0.77696463125 0.0019515500000000002 0.6965515984375 0.0058288109375 0.9997577515625 0.3715704140625
0 0.9988267921875 0.2423330109375 0.9970930234375001 0.1521317828125 0.855439921875 0.0032438625 0.7759956390625 0.0058288109375 0.9988267921875 0.2423330109375
0 0.9997577515625 0.15057461249999998 0.9970930234375001 0.0681524546875 0.9319777124999999 0.0019515500000000002 0.8583464140625001 0.0032438625 0.9997577515625 0.15057461249999998