0 0.07945664375 0.988908859375 0.19371685 0.9931452875 0.0084021078125 0.3692858234375 0.0062760359375000005 0.5393612515624999 0.007757124999999999 0.6666456515625 0.07945664375 0.988908859375
0 0.276071565625 0.9941034734375 0.3690919140625 0.9938323718750001 0.0821057515625 0.1917927921875 0.014974825 0.2388303703125 0.267208425 0.9910933265624999 0.276071565625 0.9941034734375
0 0.4380019796875 0.9930804875 0.55805381875 0.9908615796875001 0.179362346875 0.1295970609375 0.112261496875 0.17146532812499998 0.4380019796875 0.9930804875
0 0.284173103125 0.101300840625 0.21128905156250002 0.13793248281249998 0.637866778125 0.9954058890624999 0.661384475 0.9962198750000001 0.7621684734375 0.9956335296875001 0.284173103125 0.101300840625
0 0.3218691890625 0.1172484125 0.8158267359375 0.9953213562500001 0.9164198515624999 0.994736121875 0.390862765625 0.08315617343750001 0.3218691890625 0.1172484125
0 1 0.8707450703124999 0.45802376562499997 0.030949607812500002 0.40936915156250003 0.0665704984375 0.9622273796874999 0.994469621875 1 0.9942498671875001 1 0.8707450703124999
0 1 0.657171115625 0.5541089625 0.0035211984375 0.46398057187499997 0.0063498921875 0.9987415609375001 0.8074179062500001 1 0.8100148812500001 1 0.657171115625
0 0.6306239 0 0.571488890625 0.014062732812500001 1 0.61365416875 1 0.47301919375 0.673040825 0.046261596875 0.637569221875 0 0.6306239 0
0 0.6466251140625 0 1 0.4612992875 1 0.3360409875 0.7227243921875 0.0003133546875 0.6957920750000001 0 0.6466251140625 0
0 1 0.22335840624999997 0.8070210609374999 0.0005870828125 0.7294839140625 0.0042693265625 1 0.3283830703125 1 0.22335840624999997
0 1 0.12234474375 0.8835511031250001 0.0034772093749999996 0.8205287125 0.010498284375 1 0.208566965625 1 0.12234474375
0 1 0.05856825 0.943614221875 0.0054683703125 0.8903181453125001 0.0061406125 1 0.1205413125 1 0.05856825