0 0.3615019328125 0.6129415828125 0.4187985890625 0.6063856734375 0.377977875 0.223612953125 0.317663615625 0.13858035 0.2912280359375 0.24070106249999998 0.3615019328125 0.6129415828125
0 0.439387109375 0.5341128140625 0.392412053125 0.164322390625 0.3518488546875 0.09086107812500001 0.329249809375 0.19542353750000002 0.38042214375 0.5415416953125 0.439387109375 0.5341128140625
0 0.46194491718749997 0.6140681421874999 0.43302918281249997 0.19480413593749998 0.3946503 0.101652478125 0.3573820171875 0.21096292499999997 0.396881753125 0.6198072640625 0.46194491718749997 0.6140681421874999
0 0.45645789062500003 0.366063671875 0.458397371875 0.17860022343749998 0.43440385625 0.12575291875 0.3975929921875 0.202610359375 0.40894048749999995 0.369454246875 0.45645789062500003 0.366063671875
0 0.4204444265625 0.350744034375 0.4840130734375 0.358477103125 0.491189396875 0.194629628125 0.47127373749999996 0.13507981875 0.41974219843749994 0.2154237390625 0.4204444265625 0.350744034375
0 0.398322578125 0.649314609375 0.46879393125 0.65148311875 0.5134586953125 0.26302195781250004 0.47444305781249996 0.1773412953125 0.42751336562500003 0.27285570625 0.398322578125 0.649314609375
0 0.499645465625 0.189228296875 0.4591196328125 0.5403815484375001 0.519696534375 0.5467516859375 0.5761000546874999 0.1941228421875 0.5586030937500001 0.09687659062500001 0.500164140625 0.1987186484375 0.499645465625 0.189228296875
0 0.4334290140625 0.8144632328125001 0.4973423140625 0.819087328125 0.6198849156249999 0.26687455312499997 0.5997195484375 0.1813433109375 0.5342258921874999 0.2599636828125 0.4334290140625 0.8144632328125001
0 0.657248859375 0.15856733437499998 0.60078335 0.240752190625 0.5264818375 0.513915759375 0.58061588125 0.521705190625 0.6734978390624999 0.23686603125 0.6657239890625 0.1511264359375 0.657248859375 0.15856733437499998
0 0.6217392375 0.42013905312500005 0.7088727640625 0.187116509375 0.6914346296875 0.10350587343749999 0.6309800203125 0.18102232499999998 0.5678351187499999 0.4102769484375 0.6217392375 0.42013905312500005
0 0.55058543125 0.5091114453125 0.6177792125 0.5266616125 0.7524889609375001 0.30388418906250003 0.7530465546875 0.21581043906250003 0.6694177265625 0.2878096375 0.55058543125 0.5091114453125
0 0.742530803125 0.23783487656250002 0.467196890625 0.8075299765624999 0.5097684109375 0.8203940296875001 0.8053559609375001 0.2947656546875 0.80568244375 0.16631475625 0.742530803125 0.23783487656250002