0 0.3588006078125 0.2281992484375 0.2894530890625 0.15000000156249998 0.274432671875 0.2542462921875 0.38536110468749996 0.6168211640625 0.4416063171875 0.6043185359375001 0.3588006078125 0.2281992484375
0 0.31817910625 0.099005959375 0.30724255624999997 0.20527784218749998 0.3962976546875 0.5438894421875 0.45410533124999997 0.5303449484375 0.3666124625 0.16777011718749998 0.31817910625 0.099005959375
0 0.36192554062500004 0.10525721406249999 0.336927509375 0.2177804328125 0.421295446875 0.6199467609375 0.4853527515625 0.6074442109375 0.41035889687499993 0.1938171609375 0.36192554062500004 0.10525721406249999
0 0.404109509375 0.12505300156250002 0.375986784375 0.20527784218749998 0.4056717359375 0.3698951875 0.452542865625 0.36156010156249996 0.43379446093749996 0.175063296875 0.404109509375 0.12505300156250002
0 0.468166575 0.1875658859375 0.4417968390625 0.13046875156249998 0.3994223484375 0.2156966609375 0.41504605781250004 0.3500994984375 0.47910336249999996 0.35114128437500003 0.468166575 0.1875658859375
0 0.4978517671875 0.25320442656250003 0.4496093390625 0.1721354171875 0.4134835921875 0.27195828906249997 0.42598260625 0.64911948125 0.49628930000000004 0.6439100718749999 0.4978517671875 0.25320442656250003
0 0.524412025 0.08337773281250001 0.477540896875 0.1906915234375 0.4759784296875 0.181314571875 0.47441620156250003 0.5345124921875 0.535348575 0.5345124921875 0.55253475 0.178188934375 0.524412025 0.08337773281250001
0 0.6040930390625 0.2459112453125 0.5746093390625 0.16302083437499998 0.5181626374999999 0.2479950171875 0.47910336249999996 0.8095692828125 0.5431604296875 0.8074854703125001 0.6040930390625 0.2459112453125
0 0.6540888625 0.21048725156249998 0.6369026875 0.12609484843750002 0.6292968390625 0.13437500156249998 0.582219703125 0.22194797500000002 0.53847326875 0.5011723078125 0.5931562515625 0.5032560390625 0.6540888625 0.21048725156249998
0 0.6572135578125 0.0760845140625 0.6056552671875 0.15943507031249998 0.568158459375 0.3938584578125 0.62284144375 0.3980259609375 0.6837738156250001 0.1573513 0.6572135578125 0.0760845140625
0 0.740019265625 0.2688326515625 0.7308593390625 0.18125000156249998 0.6556510906249999 0.26153947187500004 0.5619088328124999 0.49387908906250005 0.6306532984375 0.5042979046875 0.740019265625 0.2688326515625
0 0.55565944375 0.8074854703125001 0.7915775546875 0.2542462921875 0.7777343390625 0.12656250156249998 0.722833090625 0.2042359765625 0.511913009375 0.7991504640625 0.55565944375 0.8074854703125001