0 0.349500153125 0.5887367390625 0.40713600781250003 0.5851861890625 0.402096809375 0.20068532499999997 0.349973178125 0.1125870796875 0.3141674953125 0.2132155421875 0.349500153125 0.5887367390625
0 0.434347071875 0.514067784375 0.42197551874999994 0.14221331406249998 0.3884338953125 0.0667076125 0.35621961875 0.16997598593750002 0.3749696109375 0.51840306875 0.434347071875 0.514067784375
0 0.449364465625 0.5951183437500001 0.4595669125 0.1747880859375 0.430030040625 0.0797273359375 0.382774290625 0.1869709859375 0.38407468906250003 0.5974465515625 0.449364465625 0.5951183437500001
0 0.46696194531249996 0.347091103125 0.48632199062500003 0.15992898125 0.4673552484375 0.10588241406250001 0.4235721265625 0.180731590625 0.41935350156249995 0.347991446875 0.46696194531249996 0.347091103125
0 0.432542771875 0.3299031875 0.4950924859375 0.3409546015625 0.5174689328125 0.177657325 0.5031839796875001 0.11712879843749999 0.44442548125 0.1946903921875 0.432542771875 0.3299031875
0 0.382765225 0.626997840625 0.45270244687499994 0.63285185 0.5332742671874999 0.24714211718749998 0.50240901875 0.15951107656250002 0.4468201515625 0.252467809375 0.382765225 0.626997840625
0 0.5263872984375 0.1727042640625 0.4534036421875 0.52136245 0.5131024453124999 0.530895825 0.6020260703125 0.1815945109375 0.593653290625 0.08353629375 0.526021146875 0.1822116421875 0.5263872984375 0.1727042640625
0 0.40235105468750004 0.7938075625 0.46553285625 0.8017713499999999 0.6388401296875 0.2565599578125 0.626722315625 0.170064625 0.5542278265625 0.245173865625 0.40235105468750004 0.7938075625
0 0.6860978156249999 0.150323471875 0.6222574625 0.22946584374999998 0.52290870625 0.49844998125 0.5760630921875001 0.509063978125 0.6949901781250001 0.229389025 0.6952247859375 0.1433340140625 0.6860978156249999 0.150323471875
0 0.6264356875 0.40975811875 0.7348237328125 0.1815437265625 0.7252417140625 0.0971096703125 0.6578651343749999 0.1713798609375 0.573702853125 0.397085690625 0.6264356875 0.40975811875
0 0.547345259375 0.49491214531249994 0.6125902421875 0.515959896875 0.7673774703125 0.3004693984375 0.7761212328125 0.2125187125 0.6861927546875 0.2800648109375 0.547345259375 0.49491214531249994
0 0.763607340625 0.2339693765625 0.436604234375 0.788648790625 0.47777882812500005 0.803726925 0.8208428359375001 0.2941271484375 0.8331107078125 0.1658302609375 0.763607340625 0.2339693765625