0 0.6789797531249999 0.186484403125 0.6531230171875 0.40631213125 0.724607859375 0.23913763124999998 0.7645450734375 0.06869337343750001 0.7511665937500001 0.0590375046875 0.6789797531249999 0.186484403125
0 0.59774614375 0.2754187640625 0.536075609375 0.46852818906250004 0.54107626875 0.51474265 0.5869100546875 0.3539221078125 0.6605025828125 0.19988096718749998 0.6774434796875 0.20739741562499997 0.6874083718749999 0.1471076375 0.67357694375 0.1401922109375 0.59774614375 0.2754187640625
0 0.349790475 0.183658228125 0.3298961609375 0.4343323484375 0.3281347625 0.43116389843749997 0.36135359375 0.5408064421875001 0.3682948890625 0.5958799859374999 0.40919272656250005 0.18665593593750002 0.3994478578125 0.03206071875 0.3836740421875 0.030425839062499998 0.349790475 0.183658228125
0 0.566773821875 0.2298403015625 0.5882459921875001 0.041687021875 0.56855269375 0.0378805625 0.5102463265625 0.18356434375 0.43241018125 0.5121208578124999 0.4224923078125 0.6120116359375001 0.44552569531249997 0.6786795546875 0.46261542499999997 0.614110928125 0.4689137828125 0.5177625359375 0.5208094421875 0.384979615625 0.566773821875 0.2298403015625
0 0.4536064875 0.0538408578125 0.44220510312499994 0.05163711875 0.40592619531249996 0.212890496875 0.369583621875 0.589059096875 0.3794250828125 0.709737059375 0.40039135468750003 0.5893578484375 0.41224568906250003 0.5888211421875 0.42128643906249996 0.6117785578125 0.4649449109375 0.2440940109375 0.4536064875 0.0538408578125
0 0.284590421875 0.7140306921875 0.2557722734375 0.4030371953125 0.279517425 0.246431184375 0.24781450781249997 0.101731728125 0.23712725625000003 0.10815000156250001 0.2219087265625 0.3102379984375 0.24253805625 0.6521706328125 0.284590421875 0.7140306921875
0 0.7889378359375 0.44528935468749997 0.6526474984374999 0.656497665625 0.6557412734375 0.7334514828125 0.7584778609375 0.5454516015624999 0.847207715625 0.455138175 0.8534613562500001 0.46907289375000005 0.9090500265625 0.33983177656249997 0.9023434328125 0.3286375015625 0.7889378359375 0.44528935468749997
0 0.5112245296875 0.7535941515625 0.529985453125 0.7953983124999999 0.6539942140624999 0.3880985640625 0.678349378125 0.20191652499999999 0.664065 0.19774154375 0.5913783734375 0.3463017953125 0.54437944375 0.5153811109374999 0.5112245296875 0.7535941515625
0 0.1142344109375 0.418099659375 0.1219163109375 0.4492784046875 0.1404078234375 0.4344706171875 0.206959609375 0.5689379484375 0.2263387796875 0.6264155703125 0.186553959375 0.3882441921875 0.11714565937500002 0.21928880624999997 0.10519543906249999 0.2268769640625 0.1142344109375 0.418099659375
0 0.9617439093750001 0.49990049374999995 0.9422770859374999 0.49472380937500005 0.84914009375 0.5728734171875 0.7791896234375 0.6611606671875 0.7811400265625 0.66719364375 0.850184815625 0.61832325 0.8655403843749999 0.6354312515625 0.8461512046875 0.70096941875 0.89938746875 0.6377314640625 0.9617439093750001 0.49990049374999995
0 0.8202525390625001 0.2364145609375 0.8107935453125 0.228930271875 0.7238490171875 0.34079873125 0.5308659546875 0.7913265109375 0.5280942359374999 0.9039105218750001 0.5883694640625 0.7204293796875 0.6432869390625 0.6405484203125 0.65851191875 0.65197519375 0.7674592109375 0.4199278609375 0.8202525390625001 0.2364145609375
0 0.756988421875 0.5479917046875 0.6565526687500001 0.7364363078125 0.6442257640625 0.81606549375 0.7053968796875 0.7501192546875 0.723243675 0.7521548109375 0.809308778125 0.6132504296875 0.861169734375 0.4677348296875 0.8488277453125 0.45827929999999995 0.756988421875 0.5479917046875
0 0.5308172718749999 0.3826720078125 0.5158534703125001 0.38260769375 0.4701767453125 0.5165926546875 0.45316131249999997 0.7112633515625 0.462421875 0.7964791124999999 0.48511229531250005 0.7174390640625 0.49903960625000005 0.7173030375 0.5130710328125 0.7553650546874999 0.543410428125 0.5265057875 0.5308172718749999 0.3826720078125
0 0.279029771875 0.2364389515625 0.270868446875 0.24051745625 0.25424813125 0.3928446203125 0.2830158734375 0.71796834375 0.32934945312499997 0.87680769375 0.28993993906250004 0.5651810187499999 0.3018307578125 0.4091117125 0.3208099265625 0.404296159375 0.3217423015625 0.366298459375 0.279029771875 0.2364389515625
0 0.40088368281250003 0.9811301359375 0.3649160109375 0.53866701875 0.321715825 0.3988152734375 0.3033201953125 0.4065716078125 0.2932411765625 0.5516791359375001 0.3275029484375 0.8750367921875 0.3572928046875 0.9741185796874999 0.40088368281250003 0.9811301359375
0 0.7072333734375 0.8749059453125 0.6560783156250001 0.9837940703125 0.8200901375 0.768045990625 0.8654097953125 0.629750021875 0.8477894750000001 0.626344240625 0.764756196875 0.6951347906249999 0.728879071875 0.75041606875 0.7072333734375 0.8749059453125
0 0.2481185546875 0.9549962015625001 0.2802080171875 0.96119868125 0.2081596140625 0.7558174796875 0.20052242812499999 0.6143556203125 0.221835759375 0.62130320625 0.2081266875 0.574819515625 0.1397284 0.43858128281250003 0.127778184375 0.44616943750000004 0.14850619062499998 0.618441521875 0.2481185546875 0.9549962015625001
0 0.4159386953125 0.5923629484374999 0.400521946875 0.5950390750000001 0.3806880453125 0.7085671765625 0.40466555312499997 0.9852547171875001 0.464109534375 0.993350878125 0.4564476578125 0.71614055 0.4159386953125 0.5923629484374999
0 0.5677852765625 1 0.6535112328125 0.7598863828125 0.6572142484375 0.640412396875 0.6458128656250001 0.63820865625 0.5873329734375 0.720229040625 0.5292613125 0.9097920921875 0.5272033453125 1 0.5677852765625 1
0 0.2173327359375 0.6161908375 0.2035360125 0.622008090625 0.2125320484375 0.755248615625 0.283367546875 0.9618093765625 0.3594241078125 0.9731165359375 0.27905090781249997 0.7087179859375 0.2173327359375 0.6161908375
0 0.6447160203125 1 0.7072333734375 0.8749059453125 0.7204912703125 0.7558647984375 0.707243384375 0.75189015625 0.64973056875 0.8086455203125 0.57506979375 1 0.6447160203125 1
0 0.5266363546874999 1 0.533356103125 0.8073617890625 0.49881313125000004 0.718673259375 0.48465934375 0.7201795062499999 0.46061007500000006 0.8074408906249999 0.4702969296875 0.9959608187500001 0.48401434062500004 1 0.5266363546874999 1