0 0.5157480921875 0.05010751249999999 0.4893691875 0.1035259078125 0.497298203125 0.24074792500000003 0.53441840625 0.172980459375 0.528233659375 0.0536288625 0.5157480921875 0.05010751249999999
0 0.6184000625 0.3619724875 0.6585894421875 0.2922944953125 0.663515240625 0.057712028125 0.6509252421875 0.0486089484375 0.6093086078125001 0.13252222656249998 0.6184000625 0.3619724875
0 0.40331991875 0.40756302968749997 0.492285409375 0.24438167187499998 0.4877193828125 0.07576850625 0.47461882187500004 0.0695499453125 0.377141103125 0.23554762812500002 0.40331991875 0.40756302968749997
0 0.696695934375 0.3979352390625 0.7626455078125 0.256781125 0.78782550625 0.27498727968750003 0.791968003125 0.40587694843750005 0.81498391875 0.383849703125 0.8325635124999999 0.327732709375 0.8344201359375001 0.0950607703125 0.81425873125 0.088617446875 0.708618740625 0.265771875 0.6789270484375 0.3854946640625 0.696695934375 0.3979352390625
0 0.584233040625 0.1198977984375 0.5408964796875 0.2054970703125 0.540870015625 0.457461325 0.554278075 0.46502849218750003 0.6185044953125 0.36755421875 0.6106372296875 0.12810179531250002 0.584233040625 0.1198977984375
0 0.35742151718750004 0.5341821578125 0.3850035 0.4092113421875 0.3809190375 0.1607307515625 0.3621906875 0.1554487296875 0.2472503390625 0.36354617031249997 0.197927496875 0.5719222328125 0.21874002343750001 0.7406313234375 0.33715568125 0.5221571078125 0.35742151718750004 0.5341821578125
0 0.3930294921875 1 0.5381083375 0.4607204578125 0.545262053125 0.164177053125 0.5335945468750001 0.1591197890625 0.39871325625 0.40273053281250004 0.3545312625 0.5822555484375 0.3598756578125 0.8011311546875 0.3234005609375 1 0.3930294921875 1
0 0.5505525734375001 1 0.6811933890625 0.53489365 0.68498203125 0.26970532812500003 0.6710634093750001 0.26502268125 0.5506983359375 0.46982353750000005 0.4082099171875 1 0.5505525734375001 1
0 0.6789074984375 1 0.7779257984375 0.9835220796874999 0.9150947140625 0.46937369531249995 0.9195099499999999 0.237675746875 0.9011877296874999 0.22392747656249998 0.7876361890625 0.41639625625 0.784234128125 0.5205458984375 0.6643712296875 1 0.6789074984375 1
0 0.6592489125000001 1 0.7843385609375 0.526127628125 0.7955013453124999 0.277909253125 0.7629530046874999 0.2581297296875 0.67965620625 0.42456707812500005 0.6808858921875001 0.53354504375 0.55665893125 1 0.6592489125000001 1
0 0.16468701875 1 0.21619300937500002 0.7704504953125 0.20298805781249998 0.487093471875 0.1754583109375 0.479076784375 0.063796046875 0.73702068125 0.1228291859375 1 0.16468701875 1
0 0.31914810781249997 1 0.35813510625 0.79862125 0.3545554078125 0.5318595609375001 0.3360301234375 0.522344415625 0.222116696875 0.7400694015625 0.1638643296875 1 0.31914810781249997 1