0 0.557544828125 0.25662025625 0.5686390828125 0.3671853671875 0.5848537609375 0.3166803171875 0.5865605703125001 0.2921102921875 0.54559716875 0.1324051328125 0.5362097234375 0.13104013125 0.53125 0.2484302484375 0.54303695625 0.2006552015625 0.5532778078125 0.1992902 0.557544828125 0.25662025625
0 0.5012201515625 0.15015015 0.49097930156249997 0.1515151515625 0.47988504687500005 0.303030303125 0.4902768875 0.4108654109375 0.49951334375 0.352170353125 0.5268222765624999 0.266175265625 0.5012201515625 0.15015015
0 0.47988504687500005 0.33169533125 0.4687907921875 0.1419601421875 0.45513632656249997 0.135135134375 0.42796361562499996 0.2443352453125 0.45428292187499997 0.3944853953125 0.4602567515625 0.47775047812500004 0.47988504687500005 0.33169533125
0 0.29042931875 0.6865956859375 0.2912827234375 0.49003548906249994 0.2511727265625 0.3480753484375 0.17948677500000002 0.2184002171875 0.1710280625 0.22249522187499998 0.20850251718749999 0.37674037656250003 0.2255706015625 0.4832104828125 0.29042931875 0.6865956859375
0 0.87159756875 0.528255528125 0.8843986296875 0.49140049062499996 0.8946394812499999 0.33988533906249996 0.8826918218750001 0.3371553375 0.8212467218749999 0.484575484375 0.787331946875 0.6429156421875 0.8545294828125 0.5610155609375 0.8690373546875 0.5514605515625 0.87159756875 0.528255528125
0 0.7828435328125 0.341250340625 0.76236183125 0.1624351625 0.7489196546875 0.16107016093749998 0.71371779375 0.3549003546875 0.69835651875 0.8845208843749999 0.774309490625 0.690690690625 0.7828435328125 0.341250340625
0 0.8374613999999999 0.7616707609375 0.923655221875 0.66748566875 0.9415767109375001 0.552825553125 0.9466971359375 0.353535353125 0.93048245625 0.34944035 0.875011184375 0.5132405140625 0.8684245625000001 0.5487305484375 0.869890759375 0.5555555562500001 0.8468488453124999 0.7125307125 0.8374613999999999 0.7616707609375
0 0.2988055890625 1 0.29469633906250003 0.84357084375 0.18546060312499998 0.26071526093749997 0.12742911875000001 0.10783510781250001 0.1163348640625 0.1119301125 0.12230869375 0.297570296875 0.26321756406249996 0.9978159984375001 0.2727497734375 1 0.2988055890625 1
0 0.5020735562499999 0.4381654390625 0.5165814265625001 0.3740103734375 0.542183553125 0.2620802625 0.5515709984375 0.266175265625 0.560105040625 0.3385203375 0.5592516359374999 0.208845209375 0.54559716875 0.20202020312500002 0.49695313125 0.3549003546875 0.4586934484375 0.6360906359375 0.4611101546875 0.9268359265624999 0.4687907921875 0.9295659296875 0.5020735562499999 0.4381654390625
0 0.32200527343749996 0.1747201734375 0.3074974015625 0.1774501765625 0.2870157015625 0.3371553375 0.2990690359375 0.9991809984375 0.35784824843749996 0.9978159984375001 0.351021015625 0.34398034375000003 0.32200527343749996 0.1747201734375
0 0.608749078125 0.416325415625 0.632644396875 0.353535353125 0.637764821875 0.2006552015625 0.6215501421875 0.1924651921875 0.564540653125 0.3862953859375 0.570345890625 0.439530440625 0.5362097234375 0.99372099375 0.608749078125 0.416325415625
0 0.4602333703125 1 0.45598973125000003 0.40540540468749997 0.4269739875 0.22249522187499998 0.413319521875 0.22522522500000003 0.3868639921875 0.40131040156250003 0.3955084484375 0.9952061203125 0.4339719046875 1 0.4602333703125 1
0 0.6727543921875 0.3480753484375 0.6744612015625 0.25798525781250004 0.660806734375 0.24570024687499997 0.6104558875 0.41223041250000003 0.5346644265625 0.996450996875 0.5694924859375 0.9978159984375001 0.638618225 0.4668304671875 0.6727543921875 0.3480753484375
0 0.17854551406250002 1 0.11462805625000001 0.40677040625 0.066837421875 0.24160524218749999 0.05574316875 0.2470652484375 0.047209126562499995 0.428610428125 0.112129215625 0.9978159984375001 0.1256007234375 1 0.17854551406250002 1
0 0.530277815625 1 0.5720527 0.45591045625 0.5566914234375 0.26071526093749997 0.54303695625 0.25798525781250004 0.5003667468749999 0.44226044218749994 0.46637590781249993 0.9978159984375001 0.517463903125 1 0.530277815625 1
0 0.640575025 1 0.7060371562500001 0.49959049999999994 0.7026235390625 0.277095278125 0.68811566875 0.2757302765625 0.6352046078125 0.46137046093749995 0.5722231125 0.9978159984375001 0.6085441359375 1 0.640575025 1
0 0.7293077640625001 1 0.8451420374999999 0.7234507234375 0.873304375 0.5541905546875 0.8630635265625 0.5446355453125 0.7854037453125 0.6579306578125 0.6567301546875 1 0.7293077640625001 1
0 0.8189705421875001 1 0.9117075640625 0.821730821875 0.9535243687499999 0.6401856390625 0.94328351875 0.633360634375 0.859649909375 0.7357357359375001 0.7429444078125 1 0.743586940625 0.9991809984375 0.7886467140625 1 0.8189705421875001 1