0 0.6638759421875 0.20240089375 0.6754254015625001 0.026521495312499997 0.660726090625 0.01954215625 0.610543346875 0.159128978125 0.620827965625 0.3810720265625 0.6638759421875 0.20240089375
0 0.545231521875 0.26242322812499996 0.5160253890625001 0.4648241203125 0.5284323093750001 0.509491903125 0.5473314203124999 0.341987715625 0.5945792 0.175879396875 0.6124283625 0.18006700312499999 0.6124283625 0.11864879843750001 0.597729053125 0.11446119531250001 0.545231521875 0.26242322812499996
0 0.2869436640625 0.21915131250000003 0.3080858796875 0.47040759374999996 0.3058427734375 0.46761585625 0.35624040625000003 0.5695142375 0.3719896640625 0.62255723125 0.3457408984375 0.210776103125 0.3110925265625 0.060022334375 0.2953432671875 0.0614182015625 0.2869436640625 0.21915131250000003
0 0.4780346796875 0.033500839062499996 0.44443625937500003 0.1884422109375 0.421337346875 0.5276381906250001 0.42780862812500003 0.6281407046874999 0.46123546875 0.68955890625 0.4675351734375 0.62255723125 0.4580856171875 0.5262423218750001 0.4874842359375 0.38525963281250003 0.5074332984375001 0.22333891874999998 0.49798374218749997 0.033500839062499996 0.4780346796875 0.033500839062499996
0 0.35624040625000003 0.07118928125 0.3467908484375 0.2372975984375 0.372148053125 0.6155778890625 0.401388284375 0.7328308203125 0.4024382328125 0.60999441875 0.41398769062499996 0.6072026796875 0.4265870984375 0.6281407046874999 0.4097878875 0.2568397546875 0.3677898625 0.07118928125 0.35624040625000003 0.07118928125
0 0.257676303125 0.70212171875 0.308992628125 0.7551647109374999 0.23024632656250002 0.453657175 0.22814642499999999 0.294528196875 0.1735489921875 0.1577331109375 0.1640994375 0.1661083203125 0.1819485984375 0.3685092109375 0.257676303125 0.70212171875
0 0.7604714031250001 0.393634840625 0.6609529249999999 0.6281407046874999 0.6764753515625 0.7035175890625001 0.74682204375 0.498324959375 0.8192686374999999 0.39223897343749997 0.8276682421875 0.40480178593750005 0.8612666640625 0.26661083125 0.8528670578125 0.2568397546875 0.7604714031250001 0.393634840625
0 0.5317783828125 0.509491903125 0.537881865625 0.7509771078125 0.5630806796875001 0.7886655499999999 0.6187280656249999 0.362925740625 0.6124283625 0.174483528125 0.597729053125 0.1730876609375 0.5504812734375 0.33361250781249996 0.5317783828125 0.509491903125
0 0.0937527453125 0.495533221875 0.1063521515625 0.5248464546875 0.1221014109375 0.50670016875 0.209247315625 0.6267448359375 0.2375959828125 0.6797878265625 0.15989963437500002 0.45226130781249996 0.06435412812499999 0.2987158 0.053854620312500004 0.3084868796875 0.0937527453125 0.495533221875
0 0.9190139500000001 0.41317699531249996 0.8402676515625 0.5080960359375 0.7859266703125 0.6085985484374999 0.7888200703125 0.614182021875 0.8486672578125001 0.5527638203125 0.866516415625 0.566722503125 0.8581168124999999 0.6351200453125 0.9001148359375 0.562534896875 0.9389630125 0.414572865625 0.9190139500000001 0.41317699531249996
0 0.74682204375 0.175879396875 0.6796252046875 0.30290340625 0.5632843671875001 0.7844779453124999 0.5788299421875001 0.8961474031250001 0.608228559375 0.7035175890625001 0.6491766343750001 0.614182021875 0.66597584375 0.62255723125 0.7352725859375 0.3726968171875 0.75732155 0.1814628703125 0.74682204375 0.175879396875
0 0.7457720937500001 0.5011166953124999 0.6777561171875 0.706309325 0.678575253125 0.7872696828125 0.7279229328125 0.7104969296875 0.7457720937500001 0.709101059375 0.8077191796875001 0.5555555546875001 0.8350178984375001 0.40201005 0.8213685406250001 0.395030709375 0.7457720937500001 0.5011166953124999
0 0.4822344828125 0.3838637640625 0.45913556718750004 0.5248464546875 0.47401740625000005 0.7202680078125 0.496933790625 0.8026242328125001 0.5063833468750001 0.7202680078125 0.5200327046875 0.71747626875 0.5399817671875 0.7523729765625 0.5326321125 0.5206588484375 0.496933790625 0.3810720265625 0.4822344828125 0.3838637640625
0 0.21869687031249999 0.290340590625 0.2270964765625 0.443886096875 0.3080858796875 0.7593523171875 0.3793393203125 0.9073143484375 0.2900935140625 0.6072026796875 0.27644415625 0.45086543749999997 0.2942933171875 0.44249022812499994 0.289043565625 0.40480178593750005 0.22604652656250002 0.2847571203125 0.21869687031249999 0.290340590625
0 0.42255762968750005 0.9980457843749999 0.466485221875 0.996649915625 0.3593902578125 0.566722503125 0.2942933171875 0.4369067578125 0.27749410625 0.44807370156250004 0.2911434640625 0.593243996875 0.37723941875 0.90591848125 0.42255762968750005 0.9980457843749999
0 0.751021846875 0.706309325 0.749971896875 0.8333333312500001 0.717423425 0.9505862640625 0.843417503125 0.706309325 0.8654664656250001 0.561139028125 0.8476173046875 0.561139028125 0.7772706125 0.644891121875 0.751021846875 0.706309325
0 0.3447928984375 1 0.24074583437500002 0.8109994421875 0.2102972640625 0.6728084875 0.23234623124999998 0.6756002234375 0.21134721562499997 0.6323283078124999 0.1221014109375 0.510887771875 0.11160190625 0.5206588484375 0.15989963437500002 0.6867671703125 0.312286678125 1 0.3447928984375 1
0 0.5305322109375 0.996649915625 0.4780346796875 0.7244556125 0.4181874921875 0.60999441875 0.403488184375 0.6155778890625 0.4024382328125 0.7314349515624999 0.4708668078125 1 0.5305322109375 0.996649915625
0 0.630426896875 1 0.678575253125 0.730039084375 0.6628259921875 0.6113902859375 0.6512765359375 0.6113902859375 0.6071786078125 0.7035175890625001 0.580929840625 0.901730878125 0.594790353125 1 0.630426896875 1
0 0.42448719687500003 0.996649915625 0.3026929234375 0.7509771078125 0.2270964765625 0.6714126171875 0.2144970671875 0.6797878265625 0.2449456375 0.8096035718750001 0.3479934609375 1 0.42448719687500003 0.996649915625
0 0.6994218531249999 1 0.749971896875 0.8333333312500001 0.7436721921875 0.713288665625 0.7300228343749999 0.7118927984375001 0.6827750546875 0.7788944734375 0.6367983359375 1 0.6994218531249999 1
0 0.5941117578124999 1 0.568330434375 0.7998324953125 0.5200327046875 0.7188721375 0.5063833468750001 0.7230597421875 0.496933790625 0.813791178125 0.5370293796875 0.9980457843749999 0.5571718203125 1 0.5941117578124999 1