0 0.00393009375 0.3748989078125 0.001827928125 0.3907691109375 0.0799218125 0.325538809375 0.2478218890625 0.091403146875 0.279513446875 0.024111193750000003 0.26872422500000004 0.014232212499999999 0.2091605546875 0.058108637500000004 0.0095360484375 0.3406499 0.00393009375 0.3748989078125
0 0 0.4592096265625 0.244004003125 0.26631736250000004 0.3267184046875 0.182063403125 0.32267235156249996 0.1730958640625 0.21635632500000002 0.224687421875 0.0010698109375 0.39237350625 0 0.3989094078125 0 0.4592096265625
0 0 0.6014928234375 0.3716731015625 0.20217413281250002 0.41617675 0.14082425625 0.40583702187500004 0.1281991484375 0.327167896875 0.179317275 0 0.5297332484374999 0 0.6014928234375
0 0 0.676253034375 0.453714509375 0.1894047578125 0.4946215953125 0.11634121093750001 0.48158460156249994 0.10335152968750001 0.40808526250000005 0.156571871875 0 0.5998113203125001 0 0.676253034375
0 0 0.7462041953125 0.4209001578125 0.314086071875 0.472371715625 0.2522745703125 0.45596306093749994 0.23461883125 0.3727985453125 0.287936221875 0 0.6787217875 0 0.7462041953125
0 0 0.90826733125 0.6144279984375001 0.28551004999999996 0.6685963562499999 0.1988011046875 0.6600549078125 0.19203283124999998 0.5658767359375 0.253685653125 0 0.8505090281250001 0 0.90826733125
0 0.1774474359375 0.9604457156249999 0.7814340703125 0.3263281953125 0.8286346734375 0.2485015484375 0.8131251578124999 0.23377422343749998 0.7409744515625001 0.28717685625 0.1125355375 0.9527946437500001 0.125329890625 0.95452399375 0.1774474359375 0.9604457156249999
0 0 0.8198456437500001 0.48698317968750005 0.32301819374999996 0.5411515375 0.23630924687500002 0.5332843296875 0.2254217796875 0.44877117968749997 0.2785568828125 0 0.7423070046875 0 0.8198456437500001
0 0.6499424171875 0.3127654328125 0.04644224375 0.9427383796875001 0.1142713984375 0.9505030765625 0.6987182671875 0.334796090625 0.7544601609375 0.25531704375 0.7436709421875001 0.245438065625 0.6499424171875 0.3127654328125
0 0.883031046875 0.3372536828125 0.8760629796874999 0.32929463281250004 0.7798619343750001 0.3948843609375 0.7326608640625001 0.44744898906249997 0.24626469218749997 0.9683439703125 0.293457378125 0.9761262171875 0.827064559375 0.42652646718750004 0.883031046875 0.3372536828125
0 0.783233128125 0.3742883984375 0.772668653125 0.363036353125 0.6969215421875 0.41314599531249996 0.175911025 0.960238046875 0.247838071875 0.9671531921875 0.24781772812499997 0.9685538859375 0.7349086390624999 0.4505596921875 0.783233128125 0.3742883984375
0 0.8315615093750001 0.5085339390625 0.881459221875 0.42265119375 0.8702203531249999 0.40709766875 0.7843587265624999 0.46847115937500006 0.2864989390625 0.975185678125 0.3596848 0.9862006093750001 0.3823084671875 0.989258540625 0.8315615093750001 0.5085339390625
0 0 0.9364610062500001 0.050488143750000006 0.9432852437499999 0.0483974578125 0.9401957718749999 0.5146325703125 0.45727553906249996 0.561833328125 0.387869565625 0.5499202234375 0.3764352359375 0.46787959062500006 0.431307978125 0 0.9090722953125001 0 0.9364610062500001
0 0.598760878125 0.9963811 0.85651363125 0.642426709375 0.905511740625 0.528353528125 0.8969702906249999 0.5215852515625 0.8084117093750001 0.5994355125 0.5188940375 0.9968457515625 0.598760878125 0.9963811
0 0.44972509218749995 0.9972481640625 0.49500920937500004 0.9969847093749999 0.729294028125 0.7038238125 0.7753704328125 0.6076004640625 0.7659298453125001 0.597903771875 0.6773711062500001 0.6673333578125 0.4105731875 0.991956190625 0.44972509218749995 0.9972481640625