0 0.5439519663114847 0.4945650629095085 0.11735387905224677 0.906460280031772
0 0.0761917219935275 0.4699073510556603 0.12653796427959446 0.8956864212654742
0 0.6284496972367611 0.5001235418061902 0.11743569966909781 0.911147780031772
0 0.5854264001588605 0.4977485641273245 0.12209592613014753 0.9096671006486231
0 0.7098224281620377 0.5057365677807725 0.12204137905224677 0.9065421006486231
0 0.8740894797041652 0.5145915961909868 0.12036978489644526 0.9002648271096728
0 0.21078491030513025 0.480061826705931 0.12344023781854485 0.8971943741875734
0 0.9179349370904915 0.5192966871003772 0.11565501135749515 0.8986205064928218
0 0.25617923092198125 0.4839583940763711 0.12201410551329647 0.904979600648623
0 0.5033678766199101 0.49761792492221746 0.11409251135749514 0.8985932329538715
0 0.753667885548364 0.510441658690163 0.11727205843539572 0.9017727800317722
0 0.6684161781620377 0.5064593165629565 0.1155731907406441 0.8939330064928217
0 0.7927849326262646 0.5128848202164045 0.11565501135749515 0.8986205064928218
0 0.4228445795420095 0.49589751217815986 0.11549137012379304 0.8892455064928217
0 0.46274287661991015 0.49832703693492625 0.11562773781854485 0.897058006492822
0 0.38217866923358396 0.49426287419086873 0.11864364366274352 0.8908625535707225
0 0.8342866400125907 0.5176308214342205 0.12023341720169398 0.8924523271096728
0 0.1670894573830309 0.48395048579654054 0.12790954950694208 0.8847761948044244
0 0.3391826456946336 0.49345039651200306 0.11392887012379305 0.8892182329538715
0 0.12173604707460539 0.4823976684261003 0.11532772889009109 0.8798705064928217
0 0.2980082207757115 0.507454395294187 0.11346521996163732 0.8626557329538714