0 0.46366360625 0.881403509375 0.4745453796875 0.9459649109375 0.48452033906249997 0.9501754375000001 0.48724078125 0.8856140359375001 0.4464341296875 0.095438596875 0.41393140624999997 0.09684210625 0.46366360625 0.881403509375
0 0.499029371875 0.95298245625 0.5108179609375 0.9024561421874999 0.5253269921875 0.0940350890625 0.4919359421875 0.0940350890625 0.48724078125 0.8842105265625 0.499029371875 0.95298245625
0 0.462756790625 0.944561403125 0.46547723281250003 0.881403509375 0.350311790625 0.10666666875 0.3205073703125 0.11508772187500001 0.4382727984375 0.8785964906249999 0.462756790625 0.944561403125
0 0.518979290625 0.9656140359375 0.533488321875 0.8954385968749999 0.6060334828125 0.105263159375 0.5654053296875 0.095438596875 0.5108179609375 0.8870175437500001 0.518979290625 0.9656140359375
0 0.533488321875 0.9726315796874999 0.5543450578125 0.9010526328124999 0.6749513874999999 0.11649122812499998 0.636153628125 0.105263159375 0.5343951375 0.8800000000000001 0.533488321875 0.9726315796874999
0 0.5543450578125 0.9656140359375 0.57610860625 0.905263159375 0.7375215890625 0.14175438437500001 0.7014597499999999 0.1207017546875 0.5561586843749999 0.8856140359375001 0.5543450578125 0.9656140359375
0 0.4500613875 0.9473684203125 0.440086428125 0.8870175437500001 0.24421449218750002 0.1557894734375 0.21619898124999998 0.1712280703125 0.417416065625 0.8912280703125001 0.4500613875 0.9473684203125
0 0.5788290484374999 0.8968421062499999 0.5688540890625 0.9656140359375 0.5733881609375 0.9726315796874999 0.597872153125 0.905263159375 0.8073463046875 0.189473684375 0.7656328390625 0.16701754375 0.5788290484374999 0.8968421062499999
0 0.42920465312499995 0.951578946875 0.417416065625 0.8926315796875001 0.15171941093750002 0.21333333125 0.12458900312500001 0.23719298281249998 0.3947457015625 0.9150877218750001 0.42920465312499995 0.951578946875
0 0.600592596875 0.9038596484375001 0.58517675 0.9796491218750001 0.5924312671874999 0.9852631593750001 0.6196357015625 0.9319298249999999 0.8590347328125001 0.21894736718750002 0.828443878125 0.1936842109375 0.600592596875 0.9038596484375001
0 0.6250765890625 0.9122807015625 0.59968578125 0.9796491218750001 0.59968578125 0.9964912281249999 0.6386788078125 0.9543859640625 0.9515298124999999 0.318596490625 0.9164257375 0.2807017546875 0.6250765890625 0.9122807015625
0 0.40925473593749995 0.9698245625 0.39655933125 0.9150877218750001 0.06738566406249999 0.3101754375 0.0456774375 0.338245615625 0.3720753390625 0.9361403515625 0.40925473593749995 0.9698245625