0 0.5526906625 0.187266178125 0.5542864390625 0.24458596093749999 0.5602271171875 0.355114584375 0.5787818484375 0.304502353125 0.5816311437499999 0.27991615625 0.548128259375 0.1204088265625 0.5388105453125 0.1190981046875 0.528390171875 0.23654689062499998 0.5423930375 0.18869112187499998 0.5526906625 0.187266178125
0 0.4745177671875 0.2914597171875 0.47988356093749995 0.3992617328125 0.49184588281249997 0.340498021875 0.5231394296875 0.25432218125 0.50295459375 0.1384165921875 0.4926569703125 0.13984153593749998 0.4745177671875 0.2914597171875
0 0.4576000640625 0.123665940625 0.4253625703125 0.2330519046875 0.4446757640625 0.3830870171875 0.44677007656249995 0.46633847812500007 0.47318355156249997 0.32013202500000004 0.470927846875 0.1304132203125 0.4576000640625 0.123665940625
0 0.27733578593749997 0.47960991875000003 0.24385980156249998 0.33784714843749997 0.1782569 0.2085562546875 0.16961316875000002 0.212701521875 0.19988354531250002 0.3667677640625 0.21198471093750001 0.47316557968749995 0.26733405 0.6762249890625001 0.27733578593749997 0.47960991875000003
0 0.855488603125 0.5144626328124999 0.86999663125 0.47752374375000006 0.887282996875 0.325910528125 0.8754702906249999 0.3232493609375 0.8072040812499999 0.47106450625 0.76594175 0.6296422265625 0.8369069671875 0.5473303078125 0.85185 0.5376884468750001 0.855488603125 0.5144626328124999
0 0.7499823140624999 0.1478979359375 0.7057818640625 0.34198219375 0.665779540625 0.8718265890625 0.7507042 0.6775051875 0.7754973109375001 0.32792645 0.7633520828125 0.14918505937499998 0.7499823140624999 0.1478979359375
0 0.822179128125 0.6989286265625 0.8105106546874999 0.7481357796875 0.9010314234375001 0.653425184375 0.9242779390625 0.5386316671875 0.9386709468750001 0.3392610671875 0.9226575734375 0.33525938437499997 0.8595988390624999 0.4994239421875 0.85136468125 0.5349613171875001 0.8525122406250001 0.541779525 0.822179128125 0.6989286265625
0 0.261117384375 0.989660134375 0.26429184375000003 0.8332151734375 0.18225723124999998 0.250847278125 0.1313798609375 0.09826601093750001 0.12010232812499999 0.102426615625 0.117431590625 0.288079171875 0.2256545078125 0.9876826765625 0.23507876875 0.9898117624999999 0.261117384375 0.989660134375
0 0.4378378625 0.6247279359375 0.42672023281250004 0.915532984375 0.43426873125 0.9182189859375001 0.4904017625 0.42650004375000006 0.5078861546875 0.3622442625 0.5386811671875 0.25013674531249996 0.5478718140625001 0.254178159375 0.5530329218750001 0.32649193906249996 0.558215809375 0.19678885156249998 0.5448880265625 0.19004157187499998 0.489160290625 0.34324361406250004 0.4378378625 0.6247279359375
0 0.2801873875 0.3267157828125 0.2614187796875 0.9888393921875 0.3202227234375 0.9871319921874999 0.34383278125 0.3331700546875 0.3227144078125 0.16403575937499998 0.30808904375 0.1668508828125 0.2801873875 0.3267157828125
0 0.62482551875 0.3410886375 0.637058371875 0.18813987031249998 0.6212355984375 0.18004214062499999 0.555241915625 0.3742533046875 0.5585654953125 0.42746809375000006 0.49865706093749995 0.9819980062500001 0.598023409375 0.404033696875 0.62482551875 0.3410886375
0 0.445873175 0.3939998671875 0.42539014062499997 0.21121209375 0.4116176203125 0.21402225000000002 0.37698366875 0.3903060890625 0.35797954062500004 0.9843022937500001 0.396194475 0.9888735609375001 0.4224386046875 0.9887207359374999 0.445873175 0.3939998671875
0 0.6710621 0.2452709375 0.6579884515625001 0.23306226562500001 0.5999196953125 0.39992772187500003 0.49698571718749995 0.9847376953125 0.53172725 0.98590036875 0.6255220828125 0.45437775468749997 0.6651631734375 0.335393834375 0.6710621 0.2452709375
0 0.1046733046875 0.397351703125 0.06460183124999999 0.23242271093750003 0.053260765625 0.2379486640625 0.0362823359375 0.4195896015625 0.0746658953125 0.98856190625 0.08802685625 0.9906680671875 0.140936696875 0.990359965625 0.1046733046875 0.397351703125
0 0.4758432390625 0.988247384375 0.49249265 0.987859865625 0.559508771875 0.4438423359375 0.55324299375 0.2486869703125 0.539724609375 0.246035734375 0.4885054796875 0.43060601875 0.4286787421875 0.9865004359375 0.4758432390625 0.988247384375
0 0.54729415 0.9865843468750001 0.603083665625 0.98528583125 0.6913716921875 0.48675377343750004 0.6983163703125 0.2642219234375 0.6838816109375 0.2629410015625 0.6223648546875 0.4489362265625 0.534456075 0.9858844781249999 0.54729415 0.9865843468750001
0 0.6931751015625001 0.9831889296874999 0.8199651734375 0.7098613421875 0.8559871375 0.5403943124999999 0.8461977859375001 0.530896471875 0.7633159468749999 0.644672275 0.6199366640624999 0.9848935734375001 0.6931751015625001 0.9831889296874999
0 0.7840779015625 0.98107314375 0.8819123109375001 0.8077790281249999 0.9321515343750001 0.62594440625 0.9222351140624999 0.6191772640625001 0.8338916624999999 0.7220650484375 0.7070105453125 0.98286690625 0.7840779015625 0.98107314375