0 0.4175287984375 0.9311849140625 0.43068455156249996 0.8677534484375 0.518573078125 0.0802382484375 0.4862708359375 0.0767270859375 0.408100828125 0.860036165625 0.4083681265625 0.9255178453124999 0.4175287984375 0.9311849140625
0 0.5637031890624999 0.085708721875 0.430912184375 0.866365590625 0.43139145624999997 0.936147528125 0.4512195765625 0.8879614625000001 0.5966544234375 0.0907416375 0.5637031890624999 0.085708721875
0 0.3911181140625 0.08068777187500001 0.38349972656250003 0.8534333796875 0.39696244687500004 0.922353134375 0.40989056562500004 0.8603095281250001 0.4218957625 0.0768529359375 0.3911181140625 0.08068777187500001
0 0.6359772296874999 0.0981703640625 0.45372354687499994 0.8726950140625 0.4490298984375 0.951645240625 0.4747295 0.8844391921874999 0.6744768078125001 0.1140091171875 0.6359772296874999 0.0981703640625
0 0.7042002187499999 0.11854902187500001 0.478128340625 0.8693094234375 0.4622096546875 0.9607714312500001 0.4944009828125 0.8931342921875001 0.7406658796875 0.13549974375 0.7042002187499999 0.11854902187500001
0 0.7661421828125 0.1436588328125 0.498694690625 0.8781412046874999 0.48392983906250003 0.9569758 0.51519496875 0.9005782124999999 0.7983145234375 0.16991219062500001 0.7661421828125 0.1436588328125
0 0.2790782984375 0.1204800859375 0.360869009375 0.8627804484375 0.383978996875 0.9232153171874999 0.38392366718750004 0.8620338953125 0.30922876875 0.10943631718749999 0.2790782984375 0.1204800859375
0 0.5015839453125001 0.9667853953125001 0.5366718546875 0.90385855625 0.8594799906249999 0.22762383125 0.8219580984375 0.1991307625 0.5192453796875001 0.8926611015624999 0.49824776406250004 0.9591626968750001 0.5015839453125001 0.9667853953125001
0 0.1779762015625 0.1719014 0.33462748124999997 0.882957025 0.3627140796875 0.9242352328125 0.36064137500000004 0.8641683062500001 0.2086190265625 0.15239706875 0.1779762015625 0.1719014
0 0.5183275218750001 0.9821464265625 0.5538237015624999 0.9335082187499999 0.9057072906249999 0.264559684375 0.8796167734375 0.234967371875 0.5395840984375 0.9028807390625 0.5120790921875 0.9755015406249999 0.5183275218750001 0.9821464265625
0 0.5246961578125 0.98805839375 0.5318387578125 0.987892146875 0.5689738421875 0.958584259375 0.9808220750000001 0.37703912812499996 0.9523264843750001 0.334275821875 0.56237979375 0.9148982796875 0.526397015625 0.9776884359375 0.5246961578125 0.98805839375
0 0.08371441562500001 0.25993317656250003 0.30884122187499996 0.9003578828125001 0.3400676984375 0.9392704171874999 0.33641722343749997 0.8832303874999999 0.10968938125000001 0.23544800000000002 0.08371441562500001 0.25993317656250003