0 0.6483927484375 0.42870683906249996 0.7218238296874999 0.264198509375 0.7637453453124999 0.095322078125 0.7504792828125 0.0852088328125 0.6768087078125 0.2100054140625 0.6483927484375 0.42870683906249996
0 0.6581755765625 0.222743128125 0.6750289671874999 0.2308435265625 0.68569575 0.1709629921875 0.67194483125 0.1635715875 0.594539728125 0.29601266875 0.530621021875 0.4867722953125 0.535083653125 0.5331144265625001 0.5827897078125 0.3740578421875 0.6581755765625 0.222743128125
0 0.361357675 0.608135659375 0.4070196859375 0.2007556015625 0.399074609375 0.045977168750000005 0.383319825 0.0437931171875 0.3476523296875 0.195686565625 0.3248396796875 0.44541125312499996 0.32311516875 0.442184515625 0.35505754375 0.5528756796875001 0.361357675 0.608135659375
0 0.437624534375 0.6935480546874999 0.45546596875 0.6296418218750001 0.462886009375 0.5336112734375 0.5163275234375 0.40277550624999997 0.5640980296875 0.2493989390625 0.5877606734375 0.062186665625000005 0.5681116890625 0.057696368750000004 0.508109278125 0.2011960203125 0.4264480875 0.5267005921875 0.415367290625 0.62614353125 0.437624534375 0.6935480546874999
0 0.3935300734375 0.6027409796875001 0.4053906546875 0.6026187828125 0.4141641359375 0.6258685796875 0.4621031765625 0.26008222187499996 0.4529796734375 0.0696264359375 0.44160394687500004 0.06702679218749999 0.40344773125 0.2268494375 0.362725815625 0.6013667015624999 0.3711623484375 0.72226571875 0.3935300734375 0.6027409796875001
0 0.246630153125 0.110282234375 0.235868178125 0.11632077656249999 0.2182969484375 0.31767199375 0.2349455109375 0.6599775859375 0.2762776984375 0.7232432906249999 0.25108013125 0.41155943749999996 0.2766484828125 0.2559417515625 0.246630153125 0.110282234375
0 0.8419090125 0.48426085781249995 0.8480004296875 0.49839979999999995 0.9050937171875001 0.371231203125 0.8985174484374999 0.359814103125 0.78375379375 0.4723872171875 0.6450045765625 0.67862155625 0.6472024578125 0.7556052156249999 0.7521277343749999 0.5713840015625 0.8419090125 0.48426085781249995
0 0.6759986734375001 0.2253998421875 0.6617629015625 0.22073028125 0.5873467406249999 0.366601309375 0.53837939375 0.5338675875 0.5024512140625 0.7706807859375 0.5207254578125 0.813097615625 0.649475984375 0.4105422015625 0.6759986734375001 0.2253998421875
0 0.21904607343750002 0.6336830015625 0.1820340375 0.394364309375 0.1145927046875 0.22315680625 0.1025541453125 0.23031994218750002 0.109366909375 0.42166398593750004 0.11668582812499999 0.4530793078125 0.135349734375 0.4389323046875 0.20033605312499997 0.5755870453124999 0.21904607343750002 0.6336830015625
0 0.8429863171875001 0.647384084375 0.8581427187499999 0.66501093125 0.8379905453125 0.729805421875 0.8919630234374999 0.668490775 0.9559240859375 0.5329773859375 0.936517528125 0.5271261671875 0.8424707218749999 0.6019439515625 0.771492415625 0.68769876875 0.7733725828125 0.693793725 0.8429863171875001 0.647384084375
0 0.5799822515625 0.7402436703124999 0.635829696875 0.662361640625 0.650921646875 0.6743084703125 0.762570428125 0.4463014421875 0.8175002093750001 0.264818190625 0.808128346875 0.2570111921875 0.71988145 0.36572981250000003 0.5216533609375 0.8090606984375001 0.5175709421875 0.9214335234375 0.5799822515625 0.7402436703124999
0 0.714487115625 0.77664678125 0.802169340625 0.6408889984374999 0.8557243828125 0.497332278125 0.843492475 0.48745536093749997 0.7506087234375001 0.5738695140625001 0.64797910625 0.7586153453125 0.6347251593750001 0.83773315625 0.6966640171875 0.773990065625 0.714487115625 0.77664678125
0 0.47675989531249996 0.7336505734375 0.490688790625 0.734001040625 0.5042771 0.7725143703125 0.53728086875 0.544947121875 0.5263622171875 0.40081972656250003 0.511399165625 0.40023292968749996 0.46416259374999996 0.5324866828125 0.4448808125 0.726365384375 0.45314929531250003 0.8118179453125001 0.47675989531249996 0.7336505734375
0 0.2833601234375 0.5747316687499999 0.2970678953125 0.41923618124999995 0.31610312500000004 0.4150882875 0.3174778671875 0.37716175625 0.2762771578125 0.245942640625 0.26806835 0.2497320046875 0.2496746484375 0.40132399531249996 0.2746573125 0.7271219546875 0.31914168906249996 0.8874179156249999 0.2833601234375 0.5747316687499999
0 0.2985869046875 0.41675066875000005 0.28681855 0.5613587875 0.3173158 0.8855843296874999 0.34595215156250003 0.9856057265624999 0.38946140156250003 0.9941323859375 0.35864486875 0.55086283125 0.317072834375 0.409644603125 0.2985869046875 0.41675066875000005
0 0.6491533578124999 1 0.8111485734375 0.7959037640625 0.8580782703125 0.6593309140625 0.8404975984374999 0.6553132796875001 0.7566634640625 0.7211343453125 0.7201427546875 0.77510659375 0.6970477500000001 0.8987140968749999 0.64742041875 1 0.6491533578124999 1
0 0.23700052343750003 0.9626903296875 0.2690177796875 0.9700070953125 0.199360415625 0.7623185953125 0.19337012343749999 0.620733778125 0.21460256875 0.6284185812499999 0.2014346625 0.5815033921875 0.134622453125 0.44301506718750006 0.1225838953125 0.450178203125 0.14130631875 0.6229990796875 0.23700052343750003 0.9626903296875
0 0.452408221875 1 0.448110375 0.7313523890625 0.4090424296875 0.606285953125 0.3935945234375 0.6084209953124999 0.3724389328125 0.721141128125 0.393195253125 0.9983848421875001 0.40262671718750004 1 0.452408221875 1
0 0.5631731984375 1 0.6446646625 0.781935384375 0.6497585921875 0.6627121078125 0.6383828640625 0.6601124609375 0.5789480953125 0.740007340625 0.5186695484375 0.927349871875 0.5161618 1 0.5631731984375 1
0 0.203739471875 0.7619029984375 0.2721701984375 0.9707275031249999 0.3480951203125 0.984679128125 0.27080003750000003 0.7177425359375 0.210159065625 0.6231541593750001 0.19629461875 0.628483709375 0.203739471875 0.7619029984375
0 0.6442750421875 1 0.6970477500000001 0.8987140968749999 0.7116915203125 0.7802568812499999 0.6984899078125 0.7758236515625 0.6403163468749999 0.830512953125 0.5712025234375 1 0.6442750421875 1
0 0.5158045421875 1 0.523956828125 0.82516664375 0.4904463640625 0.7353619609375001 0.47627504062500003 0.7363724171875 0.45120987812499996 0.8227053156249999 0.4582504 1 0.5158045421875 1