0 0.5950231953125 0.037796640625 0.5577608203125 0.086737678125 0.537040934375 0.22257140468749997 0.5879347046875 0.160972403125 0.6066614125 0.0429233859375 0.5950231953125 0.037796640625
0 0.631791778125 0.35781415625 0.6861245593749999 0.29474878125 0.7398571765625 0.0650088109375 0.7292778765625 0.054385946875 0.6705663765625001 0.1312419875 0.631791778125 0.35781415625
0 0.40918168593750004 0.37385443125 0.53131719375 0.2254705703125 0.5619065640625001 0.059254965625 0.5502206625 0.0513969515625 0.4190641640625 0.2014095703125 0.40918168593750004 0.37385443125
0 0.7018833453125 0.40359660625 0.7966259640625 0.27377190156250003 0.817784565625 0.295017628125 0.7946314546875 0.42412604218750005 0.8220243437500001 0.40556688281250003 0.8511297531249999 0.35279969843750003 0.9014233562499999 0.1245261 0.8827879031249999 0.11550392812500002 0.7412202875 0.2753837171875 0.6868674890625 0.389003821875 0.7018833453125 0.40359660625
0 0.6483488578125 0.1154923796875 0.587582028125 0.193774540625 0.53508424375 0.44124085625 0.5467939875 0.45046450625 0.6307328609375 0.3633102765625 0.6728034187499999 0.12707792499999998 0.6483488578125 0.1154923796875
0 0.337334028125 0.49208246562499997 0.390689284375 0.3730260671875 0.43838821406250006 0.1284320109375 0.42093088749999996 0.12074189531249999 0.2637039671875 0.3097701234375 0.1714372609375 0.507839215625 0.1569260390625 0.6763197453124999 0.3197574921875 0.4775641765625 0.337334028125 0.49208246562499997
0 0.2841736203125 0.754597671875 0.1851152828125 0.9978459890625 0.2541865046875 0.9970422718749999 0.531669071875 0.44407286562500004 0.6005126265625 0.15377485468750002 0.5900048531250001 0.14724889531250002 0.4056234609375 0.36849263125 0.3244588828125 0.5389121828125 0.2841736203125 0.754597671875
0 0.4215479140625 0.9950948453124999 0.6580007890624999 0.536040715625 0.7169803046875 0.2760888828125 0.7041639609375 0.2696300859375 0.5422483734375 0.45469572812500003 0.27035255625 0.9968541625 0.4215479140625 0.9950948453124999
0 0.9034104749999999 0.5029412359375 0.956036490625 0.2759661140625 0.9407446828125 0.26001503125 0.78814855625 0.4338789328125 0.7630884 0.5357162578125 0.543322984375 0.992997821875 0.6604228812499999 0.98959125625 0.9034104749999999 0.5029412359375
0 0.6579769468750001 0.53467508125 0.42836616406249994 0.9950155078125 0.5043634578125 0.9941312 0.5377907375000001 0.9931587625 0.7620294828125 0.5412123765625 0.8247818015625 0.29891305625000003 0.79664980625 0.2751375375 0.6794531578125 0.42747670624999995 0.6579769468750001 0.53467508125
0 0.014992259375 0.9998255500000001 0.14819244375 0.7052667109375 0.194117196875 0.42519973125000005 0.1685083484375 0.4136477671875 0.00414905 0.65207130625 0.0090213125 0.999895028125 0.014992259375 0.9998255500000001
0 0.180051353125 0.9979049124999999 0.2829716515625 0.75189998125 0.3349777734375 0.48941835625 0.31860320625 0.4775977546875 0.16038889375 0.6762190078125 0.0141457078125 0.9998354 0.180051353125 0.9979049124999999