0 0.53515625 0.5015625 0.03828125 0.90390625
0 0.0671875 0.5015625 0.0484375 0.8921875
0 0.6203125 0.50234375 0.03828125 0.90859375
0 0.5765625 0.50234375 0.04296875 0.90625
0 0.7015625 0.50390625 0.04296875 0.90390625
0 0.865625 0.50390625 0.04296875 0.896875
0 0.2015625 0.5046875 0.0453125 0.89453125
0 0.91015625 0.50625 0.03828125 0.896875
0 0.24765625 0.50625 0.04296875 0.9015625
0 0.4953125 0.50625 0.0359375 0.896875
0 0.7453125 0.50625 0.03828125 0.89921875
0 0.66015625 0.50703125 0.03828125 0.8921875
0 0.78515625 0.50703125 0.03828125 0.896875
0 0.41484375 0.509375 0.03828125 0.88671875
0 0.4546875 0.509375 0.03828125 0.89453125
0 0.3734375 0.509375 0.040625 0.8890625
0 0.8265625 0.509375 0.04296875 0.8890625
0 0.15859375 0.5109375 0.05078125 0.88203125
0 0.33046875 0.5109375 0.0359375 0.88671875
0 0.11328125 0.51171875 0.03828125 0.87734375
0 0.290625 0.52734375 0.03828125 0.8609375