0 1 0.0438204234375 0.9987655312499999 0.0072046109375 0.9460671765625 0 0.8260173671875 0.4899135453125 0.8232969234375 0.6757925078125 0.8464206937500001 0.6815561953125 0.9253135562500001 0.5129683 1 0.09618858125 1 0.0438204234375
0 0.8725977890625 0 0.734882509375 0.5043227671875 0.7280814 0.6801152734375 0.7498449484374999 0.6930835734375 0.8287378109375 0.52881844375 0.8246571453125 0.4927953890625 0.9429964390625001 0 0.8725977890625 0
0 0.07109428437500001 0.600864553125 0.0697340625 0.5763688765625 0.292810434375 0.001440921875 0.223618196875 0 0.026206965625000002 0.5201729109375 0.0030831953124999998 0.7074927953125 0.023486521875 0.7118155625 0.07109428437500001 0.600864553125
0 0.732461734375 0 0.5716558968750001 0.52881844375 0.56213434375 0.7219020171875 0.5798172265625 0.72766570625 0.647828315625 0.58645533125 0.8075496140625 0 0.732461734375 0
0 0.358312075 0 0.1472667046875 0.5475504328125 0.12550315625 0.7334293953125 0.1431860390625 0.744956771875 0.171750696875 0.68299711875 0.41369907499999997 0 0.358312075 0
0 0.36762263125 0.6080691640625 0.3757839625 0.5576368875 0.5458116828125 0.00288184375 0.478039965625 0.001440921875 0.292810434375 0.55475504375 0.2656059984375 0.74351585 0.292810434375 0.755043228125 0.36762263125 0.6080691640625
0 0.575864309375 0 0.5460671765625 0.001440921875 0.366262409375 0.58645533125 0.3540204140625 0.75360230625 0.37306351875 0.75936599375 0.42339172343750003 0.64409221875 0.42339172343750003 0.6181556203125 0.6052375578125 0 0.575864309375 0
0 0.7294416218750001 0.610951009375 0.7430438390624999 0.5043227671875 0.8681842421875 0.001440921875 0.8086522109375001 0 0.647828315625 0.5792507203125 0.6315056546875 0.7608069171875 0.6587100890625 0.7752161390625 0.7294416218750001 0.610951009375
0 0.1472667046875 0.6325648421875 0.15542803593750001 0.5446685875 0.3567408578125 0.00288184375 0.294366496875 0 0.06429317500000001 0.5893371765625 0.039809184375 0.770893371875 0.0602125109375 0.78242075 0.1472667046875 0.6325648421875
0 0.6951738515625 0 0.678039965625 0.001440921875 0.5104459171875 0.5907780984375 0.4982039203125 0.783861671875 0.5158868046875 0.7939481265625 0.57301611875 0.6642651296875 0.574376340625 0.5259366 0.7285965796875 0 0.6951738515625 0
0 0.5090856953125 0.6484149859375 0.5131663609375 0.5936599421875 0.6777531953125 0.00288184375 0.6072916671875 0 0.4179508375 0.62536023125 0.40978950625 0.8227665703125 0.43563372031250003 0.81123919375 0.5090856953125 0.6484149859375
0 0.26424577656250003 0.7190201734375 0.3009717640625 0.5360230546875 0.47780059531249996 0.001440921875 0.41409438749999994 0 0.169030253125 0.6772334296875 0.1472667046875 0.8645533140625 0.177191584375 0.8818443796875 0.26424577656250003 0.7190201734375