0 0.0104826390625 0.45037694687499996 0.01210724375 0.5201765296875 0.066755465625 0.439722275 0.157116359375 0.1741124921875 0.1671576234375 0.1016894875 0.1537818765625 0.0947068171875 0.1098259515625 0.1511226140625 0.0104826390625 0.45037694687499996
0 0.16733325937500002 0.3101608828125 0.012140370312499999 0.5215998234375 0.0123494171875 0.5305813109375 0.017434046875 0.5654678828125 0.023863634375 0.59677249375 0.20656351874999998 0.3437969984375 0.260520753125 0.24294764375 0.2539064875 0.2352507484375 0.16733325937500002 0.3101608828125
0 0.334026346875 0.1820112140625 0.32024890781250004 0.172272453125 0.260119059375 0.2401915515625 0.035383140625 0.6886199140625 0.0481349859375 0.7761126578125 0.30985958125 0.25172853125 0.334026346875 0.1820112140625
0 0.40202916875000005 0.139846446875 0.385547140625 0.13039337499999998 0.331027321875 0.199119140625 0.0479200375 0.7746378515625 0.061390864062499995 0.867063675 0.3848783640625 0.22001675 0.40202916875000005 0.139846446875
0 0.4219129875 0.276272971875 0.4007715296875 0.2631142984375 0.33698648593749997 0.33421802500000003 0.0615858375 0.8684014187500001 0.073240815625 0.9483683718749999 0.3911855921875 0.348082559375 0.4219129875 0.276272971875
0 0.1781220078125 1 0.5686171343749999 0.2747690234375 0.5943769953125 0.1782974625 0.5841075375 0.17378519375 0.5122623484375 0.25553515312499997 0.13151273593749999 1 0.1781220078125 1
0 0.3684399671875 1 0.74161745 0.2746851609375 0.763374053125 0.188431296875 0.743986584375 0.1778858703125 0.6908190624999999 0.2464687921875 0.30756769687499996 1 0.3684399671875 1
0 0.1056180515625 1 0.45744809843749995 0.341083159375 0.48320795937499994 0.24461159375000002 0.47233595937499995 0.2359651875 0.407198621875 0.307211759375 0.0726355984375 0.9442158609375 0.08076599375 1 0.1056180515625 1
0 0.3073324921875 1 0.6646438328125 0.30240564999999997 0.69411251875 0.212538625 0.680736775 0.20555595625 0.6110472687499999 0.2926752546875 0.2443854875 1 0.3073324921875 1
0 0.47866364375000003 1 0.8159274968749999 0.3605862046875 0.8426379624999999 0.26121570312500003 0.8335199546875 0.2551825453125 0.760925009375 0.3412094875 0.7314962765625 0.403087065625 0.43229676875 1 0.47866364375000003 1
0 0.4338672984375 1 0.7346025625 0.405557465625 0.757912309375 0.32053880156250003 0.744335715625 0.31217808593749996 0.6867096140625 0.37843345156249997 0.36697984687499996 1 0.4338672984375 1
0 0.5634810906250001 1 0.8451564546875 0.4386558703125 0.8670602734375 0.34399088906249997 0.8515288453125001 0.3316388796875 0.7875965875000001 0.41115372656250004 0.47221947656249996 1 0.5634810906250001 1
0 0.24419391250000003 1 0.524809496875 0.46409899218749995 0.549123475 0.38597055625 0.5341945890625001 0.3777526875 0.47196268906250005 0.4500916140625 0.178674053125 1 0.24419391250000003 1
0 0.7618442796875 0.9861718937499999 0.909813259375 0.5619573953125 0.9222909640625 0.44030287812499996 0.9120215 0.43579060781249995 0.8504994015625 0.5318420046875 0.688837453125 0.9950031156250001 0.703357671875 0.9934693250000001 0.7618442796875 0.9861718937499999
0 0.6309351921874999 1 0.6671611140625 0.99617340625 0.8061155046874999 0.651269771875 0.8212042125 0.5475298484375 0.809180765625 0.5404043328125 0.7451012875 0.6283302984375 0.5890564609375 1 0.6309351921874999 1