0 0.5586045703125 0.1666880828125 0.594595409375 0.3864741578125 0.6166158203125 0.204171009375 0.6076664109375 0.02794049375 0.5922520671875 0.0225325921875 0.5586045703125 0.1666880828125
0 0.5057117718749999 0.2763102 0.5001989375 0.48077974843750004 0.5177123203125 0.5239322468750001 0.5170374109375 0.35526742499999997 0.54468920625 0.1850266203125 0.5629087625 0.18732694218749998 0.5557766125 0.1262079609375 0.540686459375 0.123578190625 0.5057117718749999 0.2763102
0 0.2440759609375 0.260263990625 0.29425788124999996 0.508084865625 0.29170514999999997 0.505541340625 0.353608453125 0.601672084375 0.3754150390625 0.652809409375 0.3015188796875 0.245779853125 0.2495892828125 0.099384490625 0.234104371875 0.10242080625000001 0.2440759609375 0.260263990625
0 0.46362031875 0.241369703125 0.43218728906250004 0.0534448453125 0.4123677484375 0.055531360937499996 0.3969799375 0.21323200625 0.4134199140625 0.5531914234374999 0.43151996718749996 0.652527453125 0.47186192968749996 0.710150246875 0.47034020625000006 0.6428160968750001 0.44976749531250004 0.5479587734375 0.46260371562499997 0.404588071875 0.46362031875 0.241369703125
0 0.3072152578125 0.1045669359375 0.2957407875 0.10577491718750001 0.305641803125 0.2720623203125 0.374761928125 0.6458475046875 0.4174282359375 0.7594708906250001 0.4042070671875 0.63712311875 0.41535735 0.6331369984374999 0.43030637031249996 0.6526552171875 0.37049914687499996 0.2849202734375 0.3072152578125 0.1045669359375
0 0.328225978125 0.7913598359375 0.21497858124999997 0.4995574625 0.1944135625 0.3414233765625 0.1242853703125 0.21100520781249998 0.11586973281249999 0.2203279640625 0.1571066796875 0.4198758953125 0.27108325 0.74394255 0.328225978125 0.7913598359375
0 0.734791040625 0.384370153125 0.6631505421874999 0.628142384375 0.6873252796875 0.701528515625 0.7333873750000001 0.48997785 0.7930444328124999 0.3768313578125 0.80284835 0.38845443281250003 0.8201812921875 0.24742259687499998 0.8107015625 0.2385776578125 0.734791040625 0.384370153125
0 0.5551428375 0.7632526109375 0.584554590625 0.7981218390625 0.5904019171875 0.368635909375 0.5622603859375 0.18177066875 0.54749441875 0.181919034375 0.5191942468749999 0.34660356875 0.5210366703125 0.523582275 0.5551428375 0.7632526109375
0 0.0842340328125 0.555505653125 0.100155615625 0.5833582749999999 0.11369539375 0.563653146875 0.2142156015625 0.6739981890625 0.24853979375000002 0.7238177109375 0.14492653125 0.5055261093750001 0.03217099375 0.362721971875 0.022874315625 0.37354361406250003 0.0842340328125 0.555505653125
0 0.9145551828125 0.38653734375000004 0.894573546875 0.387234790625 0.8273609328125 0.48992764375000003 0.7850435578125 0.595624159375 0.78856655 0.600877803125 0.8408930218749999 0.5334992781250001 0.860247234375 0.545523071875 0.8598447874999999 0.614465921875 0.8931412296874999 0.5378417359375 0.9145551828125 0.38653734375000004
0 0.7070233046875 0.173561315625 0.695943590625 0.169103209375 0.64393361875 0.302536634375 0.5842706734374999 0.7939333328125 0.6126828609375 0.9034328015625 0.619521590625 0.7086665953125 0.64982976875 0.6154834140625 0.6674924734375 0.622060753125 0.707324415625 0.36616973750000004 0.7070233046875 0.173561315625
0 0.7326684296875 0.49286580156250004 0.68892191875 0.7041726921875 0.69913720625 0.78465294375 0.7392493015625 0.7030928390625 0.75682048125 0.6998368859374999 0.80053499375 0.5405602593750001 0.8098260984375001 0.3849075796875 0.7954548906250001 0.3793898578125 0.7326684296875 0.49286580156250004
0 0.47150563593749995 0.39943251874999997 0.45722595312500003 0.4037480875 0.45064853437499997 0.546459890625 0.488126953125 0.7393728453125 0.5204581140625 0.8189309640625 0.5202827531249999 0.7359876203125 0.5335193015625 0.731781865625 0.5573912 0.7644220453125 0.5231816109375 0.534605521875 0.47150563593749995 0.39943251874999997
0 0.1911926390625 0.3319195359375 0.1845390765625 0.338244521875 0.210714521875 0.4901634375 0.3278114 0.7956218796875001 0.4157842140625 0.9354105015625 0.292267575 0.6460953593750001 0.260552275 0.49194739375 0.27731298125000003 0.48174610468749995 0.2677207703125 0.44479035937500006 0.1911926390625 0.3319195359375
0 0.5070366187500001 1 0.3564136640625 0.5985645015625 0.2766646046875 0.47618983593750003 0.2612712203125 0.48905944218749997 0.29168976562500004 0.632094865625 0.41353585156249995 0.9342410687499999 0.4556832421875 1 0.5070366187500001 1
0 0.7754194078125 0.8230246453125 0.7566981828125 0.9431106484375 0.853507725 0.68684580625 0.8585557250000001 0.5400766171875 0.8408224515624999 0.5419434984375 0.780658153125 0.632645275 0.7617119609375 0.6965096703125 0.7754194078125 0.8230246453125
0 0.3701186609375 1 0.266906059375 0.8540606265624999 0.2206078453125 0.71972760625 0.24283784531250002 0.7201995921875 0.21695024531249998 0.6793348265625 0.11418167812499999 0.5678203484375001 0.104885003125 0.5786419890625 0.172158371875 0.7388894828125 0.337927128125 1 0.3701186609375 1
0 0.5736873859375 1 0.49260442656250003 0.7431198734375 0.41985407343750003 0.6354758703125001 0.4058985796875 0.642569571875 0.418309271875 0.7579720062499999 0.510590159375 1 0.5736873859375 1
0 0.67608793125 1 0.6924913390625 0.7277011671875 0.6630663171875 0.6112776640625001 0.6515918484375 0.6124856453125 0.6184784546875 0.7087764125 0.6154175015625001 0.9087694421875 0.639263759375 1 0.67608793125 1
0 0.4583730640625 1 0.3214808921875 0.787851534375 0.23713589062499998 0.7165814703125 0.225590853125 0.7262336765625 0.2709165 0.852232290625 0.3738617359375 1 0.4583730640625 1
0 0.689139690625 1 0.7445516265625 0.9941664687499999 0.7754194078125 0.8230246453125 0.7552204953125 0.7042237250000001 0.7414976640625001 0.7042622734374999 0.7023371734375 0.7758792718749999 0.6823984375000001 1 0.689139690625 1
0 0.6386370078125 1 0.591067015625 0.808685296875 0.5336813968749999 0.733170934375 0.5206069421875 0.7387657546875 0.5217548671875 0.8300435046875 0.57984003125 1 0.6386370078125 1