0 0.37088228125 0.10231995 0.33928862187500003 0.11082004999999999 0.5422338515625 0.8657011625000001 0.5655912187500001 0.9263307953125001 0.576199290625 0.9282523640625 0.5661791296875001 0.8646387953125 0.37088228125 0.10231995
0 0.5659033124999999 0.8632688640625 0.59097728125 0.9278093593750001 0.592606765625 0.8759057953125 0.447962265625 0.08364318281250001 0.4152217703125 0.090968225 0.5659033124999999 0.8632688640625
0 0.516786096875 0.86853131875 0.553756490625 0.927546946875 0.544012146875 0.865303303125 0.27883922656250004 0.1343658875 0.2512703875 0.1491237078125 0.516786096875 0.86853131875
0 0.5895727734375 0.8608365640625 0.613020875 0.9357622890625 0.613456353125 0.8640829140624999 0.5293029 0.076897921875 0.48753557656249996 0.07622106875 0.5895727734375 0.8608365640625
0 0.6113115109375 0.8488147546875 0.628626315625 0.939429071875 0.6350100109375 0.8649872640625 0.59908461875 0.07273874531249999 0.558836215625 0.070290425 0.6113115109375 0.8488147546875
0 0.6337543109375 0.849520175 0.6476976140625 0.92800405 0.6571769921875 0.864322753125 0.6654004875 0.0836713734375 0.625903978125 0.07103335625 0.6337543109375 0.849520175
0 0.4988180703125 0.885436059375 0.5418600640625 0.9330718156250001 0.5202192953125 0.8763530421875 0.1844626234375 0.20558815625000001 0.1600269265625 0.226803190625 0.4988180703125 0.885436059375
0 0.743242609375 0.1149314484375 0.6979287609375 0.102163309375 0.658189528125 0.8555063859375001 0.661923965625 0.9248211843749999 0.6677487890625 0.9306761874999999 0.6785165234375 0.859548453125 0.743242609375 0.1149314484375
0 0.4812782890625 0.9136981046875 0.522237134375 0.9417569765625 0.4990938890625 0.8868059921875 0.1050781328125 0.2820460703125 0.0831651984375 0.31128651875 0.4812782890625 0.9136981046875
0 0.7997161609375001 0.13236101718749999 0.7647565921874999 0.1144130359375 0.680908146875 0.8575817359375 0.6806867875 0.9349397578125 0.6889032359375 0.9388280437500001 0.7050965859375 0.880802825 0.7997161609375001 0.13236101718749999
0 0.9099922078124999 0.20933527812500002 0.8681249890625 0.1800479953125 0.706570025 0.860430228125 0.6949131421875 0.9317568890624999 0.6982229531249999 0.948196053125 0.7281817546875 0.8985441921874999 0.9099922078124999 0.20933527812500002
0 0.4631868734375 0.9392202875000001 0.5062615234375001 0.9639425125000001 0.48305658281249997 0.913300246875 0.041418853125 0.39507166250000003 0.0256499171875 0.4272324296875 0.4631868734375 0.9392202875000001