0 0.48452033906249997 0.9501754375000001 0.48724078281249994 0.8856140359375001 0.4464341296875 0.0954385953125 0.41393140468749995 0.0968421046875 0.4636636046875 0.881403509375 0.4745453796875 0.9459649109375 0.48452033906249997 0.9501754375000001
0 0.5108179609375 0.9024561406249999 0.5253269921875 0.0940350890625 0.4919359421875 0.0940350890625 0.48724078281249994 0.8842105265625 0.499029371875 0.95298245625 0.5108179609375 0.9024561406249999
0 0.46547723437500005 0.881403509375 0.350311790625 0.1066666671875 0.3205073703125 0.1150877203125 0.4382727984375 0.8785964906249999 0.462756790625 0.9445614046875 0.46547723437500005 0.881403509375
0 0.533488321875 0.8954385953124999 0.6060334843749999 0.1052631578125 0.5654053296875 0.0954385953125 0.5108179609375 0.8870175437500001 0.518979290625 0.9656140359375 0.533488321875 0.8954385953124999
0 0.5543450578125 0.90105263125 0.6749513859375 0.11649122812499998 0.636153628125 0.1052631578125 0.5343951375 0.8800000000000001 0.533488321875 0.9726315796874999 0.5543450578125 0.90105263125
0 0.5761086046874999 0.9052631578125 0.7375215890625 0.1417543859375 0.7014597515625 0.120701753125 0.5561586859375 0.8856140359375001 0.5543450578125 0.9656140359375 0.5761086046874999 0.9052631578125
0 0.440086428125 0.8870175437500001 0.24421449218750002 0.1557894734375 0.2161989796875 0.17122806875000002 0.417416065625 0.8912280687499999 0.4500613875 0.9473684203125 0.440086428125 0.8870175437500001
0 0.5733881625 0.9726315796874999 0.597872153125 0.9052631578125 0.80734630625 0.189473684375 0.7656328375 0.16701754375 0.5788290484374999 0.8968421046874999 0.5688540890625 0.9656140359375 0.5733881625 0.9726315796874999
0 0.417416065625 0.8926315796875001 0.1517194125 0.2133333328125 0.12458900312500001 0.23719298281249998 0.3947457015625 0.9150877203125001 0.4292046546875 0.951578946875 0.417416065625 0.8926315796875001
0 0.5924312671874999 0.9852631578125 0.6196357015625 0.9319298249999999 0.8590347328125001 0.21894736875 0.828443878125 0.1936842109375 0.600592596875 0.9038596484375001 0.58517675 0.9796491218750001 0.5924312671874999 0.9852631578125
0 0.5996857828125 0.9964912281249999 0.63867880625 0.9543859640625 0.9515298140624999 0.318596490625 0.9164257375 0.280701753125 0.6250765890625 0.9122807015625 0.5996857828125 0.9796491218750001 0.5996857828125 0.9964912281249999
0 0.39655933125 0.9150877203125001 0.0673856625 0.3101754375 0.0456774375 0.3382456140625 0.3720753390625 0.9361403515625 0.409254734375 0.9698245625 0.39655933125 0.9150877203125001