0 0.40203612499999997 0.09148599843750001 0.36974659375 0.09721556249999999 0.4831755140625 0.8684552765625 0.49927820624999997 0.9310142953125 0.50956544375 0.9338576296875001 0.5070235515625 0.8694831781250001 0.40203612499999997 0.09148599843750001
0 0.5069093328125 0.8680916265624999 0.52425873125 0.934704271875 0.5318995546874999 0.8830350421875 0.48057452500000003 0.079564928125 0.4472851578125 0.0840215015625 0.5069093328125 0.8680916265624999
0 0.457633590625 0.869060984375 0.48741129531249994 0.9311961234374999 0.484983621875 0.8682132203125 0.3071202421875 0.11544748593750001 0.27809189375 0.12777467343749999 0.457633590625 0.869060984375
0 0.5306431515625001 0.867727975 0.545175865625 0.9445655984375 0.5539297875 0.8730515578125001 0.561949 0.0799257578125 0.520645034375 0.0756073765625 0.5306431515625001 0.867727975
0 0.5535774375 0.8576234640625 0.5602118078125 0.9495868906249999 0.5751798859374999 0.875834096875 0.6315707828125 0.081859965625 0.591977421875 0.0759057390625 0.5535774375 0.8576234640625
0 0.5757315875 0.8602849734375001 0.5804339390625 0.9398454671875 0.597219815625 0.8771040578125 0.6960063828124999 0.0985568921875 0.6583410828125 0.0824966515625 0.5757315875 0.8602849734375001
0 0.43786833593749996 0.8843686140625 0.47498299062499993 0.9356736296875001 0.460127009375 0.8771682359374999 0.20534367812499998 0.178312178125 0.1786698828125 0.1973583640625 0.43786833593749996 0.8843686140625
0 0.7695019015625 0.13655040937500001 0.7260879609375 0.11985292031250001 0.5992466624999999 0.8683916609375 0.5948987875 0.9379090031249999 0.599990146875 0.9442616156250001 0.6189170890625 0.8741993609375 0.7695019015625 0.13655040937500001
0 0.4172087234375 0.9110507171875 0.454532425 0.9426319515625 0.43798255625 0.8857601687500001 0.11781322187500001 0.247710746875 0.09270714531249999 0.2749881109375 0.4172087234375 0.9110507171875
0 0.8234315171875 0.15887433906249998 0.7908778828125 0.137909253125 0.6215150296874999 0.8724447218750001 0.6123139281250001 0.9496459953124999 0.6200032281250001 0.95424396875 0.642784515625 0.8977341437499999 0.8234315171875 0.15887433906249998
0 0.92375445 0.2453295359375 0.8856733703125 0.21244285000000002 0.646609775 0.8775262484375 0.626778778125 0.9477095296875 0.6281494015625 0.9644081484375 0.6635971281249999 0.9174573578125 0.92375445 0.2453295359375
0 0.396320675 0.9349497124999999 0.436128096875 0.9633847609374999 0.41901683125 0.9108086578125001 0.0416173640625 0.35498349375 0.0222596140625 0.38571183593749997 0.396320675 0.9349497124999999