0 0.9049549078125001 0 0.8353937234375 0.46719629375 0.8499664265625 0.6528122328125 0.8735322046875 0.656948846875 0.9364303312500001 0.4832683359375 0.9720634734375 0.062294009375 0.9671945421875 0.0100534171875 0.9659161390625 0 0.9049549078125001 0
0 0.83187373125 0 0.7459685312500001 0.4879276609375 0.7555393453125 0.6637663671875 0.7784202703124999 0.6751849296875 0.8417203093750001 0.505816653125 0.8343069640625 0.47016600156250005 0.902069971875 0 0.83187373125 0
0 0.0902187765625 0.6061966796875 0.2589356125 0.0171082 0.18989029531249998 0.0204973953125 0.041643557812499996 0.5531739015625 0.0360297328125 0.7416505171875001 0.056752140625 0.744539490625 0.0938509625 0.630537803125 0.0902187765625 0.6061966796875
0 0.6935785078125 0 0.58568203125 0.52374978125 0.594151084375 0.7170272015625 0.6122980609375 0.72154335625 0.666904015625 0.5759327484375001 0.7679025921875 0 0.6935785078125 0
0 0.1603641796875 0.7589843515625 0.1790470359375 0.769250153125 0.201735034375 0.7054488609375 0.37919952968750004 0.0072380234375 0.3240373765625 0.011101625 0.16475727499999998 0.5720400328124999 0.1603641796875 0.7589843515625
0 0.39328464375 0.566161359375 0.511043759375 0.0008971375000000001 0.4434131953125 0.004187240625 0.3103800109375 0.5690744765625 0.30083605625 0.75927315625 0.3290018140625 0.76887476875 0.3898453875 0.6170400921875 0.39328464375 0.566161359375
0 0.51104751875 0 0.386481140625 0.5955737937500001 0.38982933750000004 0.763167565625 0.409331015625 0.7675888328125 0.448737328125 0.649085140625 0.4463258703125 0.623211721875 0.568757565625 0 0.51104751875 0
0 0.7688832640625 0 0.6662341671875 0.5687456875 0.6668579625 0.750998234375 0.69529165625 0.7634746703124999 0.7504634953125 0.5946757 0.7540967296875001 0.48735835625 0.8284599734375 0 0.7688832640625 0
0 0.1726175359375 0.5685959015625001 0.3227404765625 0.014086051562499998 0.2603513890625 0.0155622421875 0.08600570468749999 0.619512928125 0.078501303125 0.8023347781249999 0.099893559375 0.8124108109374999 0.17266149375 0.6568473515625 0.1726175359375 0.5685959015625001
0 0.6407754671875 0 0.5304812375 0.589828296875 0.5362408890625 0.7832954875 0.554789778125 0.7921238765624999 0.5996298906249999 0.658771640625 0.5881234921875 0.5206851890624999 0.68993874375 0 0.6407754671875 0
0 0.57072325 0 0.44157692031250007 0.6307783203125 0.4518025828125 0.82827309375 0.4764701234375 0.8149709953125001 0.5344853281249999 0.64741966875 0.5334585765625001 0.592513353125 0.6409427921875 0 0.57072325 0
0 0.316766603125 0.5498188125000001 0.443174796875 0.0042039390625 0.3795932375 0.007210446875 0.19848975468750002 0.6998889796875 0.194230628125 0.8882707109375 0.2256416640625 0.9034322031249999 0.2972038703125 0.734932034375 0.316766603125 0.5498188125000001