0 0.6754254000000001 0.026521496875 0.6607260921875 0.01954215625 0.610543346875 0.159128978125 0.6208279671875 0.3810720265625 0.66387594375 0.20240089375 0.6754254000000001 0.026521496875
0 0.5945792 0.175879396875 0.6124283625 0.1800670015625 0.6124283625 0.11864879843750001 0.597729053125 0.11446119531250001 0.5452315203125 0.26242322812499996 0.5160253890625001 0.4648241203125 0.5284323093750001 0.5094919046874999 0.547331421875 0.341987715625 0.5945792 0.175879396875
0 0.3719896640625 0.62255723125 0.3457408984375 0.210776103125 0.311092528125 0.060022334375 0.2953432671875 0.0614182015625 0.28694366250000003 0.2191513109375 0.3080858796875 0.4704075921875 0.3058427734375 0.46761585625 0.35624040625000003 0.5695142375 0.3719896640625 0.62255723125
0 0.4580856171875 0.5262423234375 0.4874842359375 0.38525963124999996 0.5074332984375001 0.22333891718749999 0.49798374218749997 0.033500837500000005 0.4780346796875 0.033500837500000005 0.44443625937500003 0.1884422109375 0.42133734531249994 0.5276381906250001 0.42780862812500003 0.6281407031249999 0.4612354703125 0.68955890625 0.4675351734375 0.62255723125 0.4580856171875 0.5262423234375
0 0.41398769062499996 0.6072026796875 0.4265870984375 0.6281407031249999 0.4097878875 0.256839753125 0.3677898625 0.0711892796875 0.35624040625000003 0.0711892796875 0.34679085 0.2372976 0.3721480515625 0.6155778890625 0.40138828281250005 0.7328308203125 0.4024382328125 0.6099944171875 0.41398769062499996 0.6072026796875
0 0.2281464265625 0.29452819531249996 0.17354899375 0.1577331109375 0.1640994375 0.16610831875 0.1819485984375 0.3685092125 0.257676303125 0.7021217203125001 0.3089926265625 0.7551647125 0.230246328125 0.453657175 0.2281464265625 0.29452819531249996
0 0.8192686374999999 0.392238971875 0.82766824375 0.40480178593750005 0.8612666640625 0.26661083125 0.8528670593750001 0.256839753125 0.7604714031250001 0.393634840625 0.6609529249999999 0.6281407031249999 0.67647535 0.7035175875 0.74682204375 0.4983249578125 0.8192686374999999 0.392238971875
0 0.6187280656249999 0.362925740625 0.6124283625 0.174483528125 0.597729053125 0.1730876609375 0.5504812734375 0.33361250781249996 0.53177838125 0.5094919046874999 0.537881865625 0.7509771078125 0.56308068125 0.7886655499999999 0.6187280656249999 0.362925740625
0 0.2375959828125 0.679787828125 0.1598996359375 0.45226130624999994 0.0643541265625 0.2987158015625 0.053854620312500004 0.3084868796875 0.0937527453125 0.495533221875 0.1063521515625 0.5248464546875 0.12210141249999999 0.5067001671875 0.20924731406250002 0.6267448359375 0.2375959828125 0.679787828125
0 0.8665164171875 0.5667225015625 0.8581168124999999 0.6351200453125 0.9001148375 0.562534896875 0.9389630109375 0.41457286406250005 0.9190139484375001 0.413176996875 0.8402676515625 0.5080960359375 0.7859266703125 0.6085985484374999 0.7888200703125 0.614182021875 0.8486672562500001 0.55276381875 0.8665164171875 0.5667225015625
0 0.6491766343750001 0.614182021875 0.66597584375 0.62255723125 0.7352725875 0.3726968171875 0.75732155 0.18146286875 0.74682204375 0.175879396875 0.679625203125 0.30290340625 0.5632843671875001 0.7844779453124999 0.578829940625 0.8961474031250001 0.608228559375 0.7035175875 0.6491766343750001 0.614182021875
0 0.7457720937500001 0.7091010609375 0.8077191812500001 0.5555555546875001 0.8350178984375001 0.40201005 0.8213685390625001 0.3950307078125 0.7457720937500001 0.5011166953124999 0.6777561171875 0.7063093234375 0.678575253125 0.7872696828125 0.72792293125 0.7104969296875 0.7457720937500001 0.7091010609375
0 0.5200327046875 0.7174762703125 0.5399817671875 0.7523729765625 0.5326321140625 0.52065885 0.496933790625 0.3810720265625 0.4822344828125 0.3838637640625 0.45913556875 0.5248464546875 0.4740174078125 0.72026800625 0.496933790625 0.8026242328125001 0.5063833468750001 0.72026800625 0.5200327046875 0.7174762703125
0 0.27644415625 0.4508654390625 0.2942933171875 0.44249022812499994 0.2890435640625 0.40480178593750005 0.22604652500000003 0.28475711875 0.21869687031249999 0.2903405921875 0.2270964765625 0.443886096875 0.3080858796875 0.7593523171875 0.37933931875 0.90731435 0.2900935140625 0.6072026796875 0.27644415625 0.4508654390625
0 0.2942933171875 0.43690675625 0.27749410625 0.44807370156250004 0.291143465625 0.593243996875 0.3772394171875 0.90591848125 0.42255762968750005 0.9980457843749999 0.466485221875 0.996649915625 0.3593902578125 0.5667225015625 0.2942933171875 0.43690675625
0 0.843417503125 0.7063093234375 0.8654664671875001 0.561139028125 0.8476173046875 0.561139028125 0.7772706125 0.644891121875 0.751021846875 0.7063093234375 0.7499718953125 0.8333333328125001 0.7174234265625 0.950586265625 0.843417503125 0.7063093234375
0 0.34479289999999996 1 0.24074583437500002 0.8109994421875 0.210297265625 0.6728084875 0.2323462296875 0.6756002234375 0.2113472171875 0.6323283078124999 0.12210141249999999 0.510887771875 0.11160190625 0.52065885 0.1598996359375 0.6867671703125 0.312286678125 1 0.34479289999999996 1
0 0.41818749375 0.6099944171875 0.403488184375 0.6155778890625 0.4024382328125 0.7314349515624999 0.4708668078125 1 0.5305322125 0.996649915625 0.4780346796875 0.7244556125 0.41818749375 0.6099944171875
0 0.630426896875 1 0.678575253125 0.730039084375 0.6628259921875 0.6113902859375 0.6512765359375 0.6113902859375 0.607178609375 0.7035175875 0.5809298421875 0.9017308765625 0.594790353125 1 0.630426896875 1
0 0.2270964765625 0.67141261875 0.21449706875 0.679787828125 0.2449456375 0.8096035734375 0.34799346249999996 1 0.42448719687500003 0.996649915625 0.30269292187499997 0.7509771078125 0.2270964765625 0.67141261875
0 0.6994218531249999 1 0.7499718953125 0.8333333328125001 0.7436721921875 0.713288665625 0.7300228343749999 0.7118927984375001 0.6827750546875 0.7788944718749999 0.6367983359375 1 0.6994218531249999 1
0 0.59411175625 1 0.568330434375 0.799832496875 0.5200327046875 0.7188721375 0.5063833468750001 0.72305974375 0.496933790625 0.813791178125 0.5370293796875 0.9980457843749999 0.55717181875 1 0.59411175625 1