0 0.8903348781249999 0 0.81046830625 0.43756466875 0.818563790625 0.622580878125 0.8419934796874999 0.6256223734375 0.9109795390625001 0.44894076250000003 0.9613273390625 0.026129721875 0.9597976875 0 0.8903348781249999 0
0 0.8170559515625 0 0.7202873046875 0.4624671046875 0.7237205796875 0.6379347578125001 0.7462108609375 0.6482931578125 0.8154483734375001 0.4759069 0.8092774453124999 0.44058621562500005 0.887627971875 0 0.8170559515625 0
0 0.0601740328125 0.6113080531249999 0.2495240109375 0.014117328125 0.180335784375 0.020721671875 0.0134332984375 0.56052376875 0.0012351718750000002 0.749341446875 0.0218640515625 0.75126711875 0.0629574265625 0.6354904171875 0.0601740328125 0.6113080531249999
0 0.6793762078125 0 0.5586927796875 0.505764921875 0.5604148765625 0.6987299515625 0.578410584375 0.7024033640625 0.638121215625 0.5541894968750001 0.75370335 0 0.6793762078125 0
0 0.3585259328125 0 0.314858690625 0.0050780484375 0.1359319078125 0.57366755625 0.1250084578125 0.760895471875 0.1433394375 0.7702960234375 0.168263678125 0.7054117171875001 0.3697883671875 0 0.3585259328125 0
0 0.4325403484375 0 0.2817099828125 0.563922734375 0.2655201875 0.7546461328125 0.29336063437500004 0.7629408343749999 0.3595284703125 0.6082099328125 0.364745825 0.5571495875 0.49895528593750005 0 0.4325403484375 0
0 0.4987621953125 0 0.3569127109375 0.5868911390625 0.3544091 0.7543999984374999 0.373763303125 0.7579154328125 0.41732221249999996 0.63752741875 0.4158134953125 0.611755290625 0.5560602828125 0 0.4987621953125 0
0 0.75454049375 0 0.637702128125 0.5470305718749999 0.6319612078125 0.72933121875 0.6599692875 0.7404894890625 0.7210558296875 0.569051103125 0.728438275 0.46151923281249996 0.8143553296875 0 0.75454049375 0
0 0.14391524375 0.5698561109375 0.313457103125 0.008124103125 0.25099428125 0.012504820312500001 0.055494409375 0.6248260343750001 0.04160251875 0.8080745515625001 0.06265048749999999 0.8171591484375 0.140877146875 0.658142865625 0.14391524375 0.5698561109375
0 0.6275280000000001 0 0.5011646546875 0.574440725 0.5001697593750001 0.7677217140625 0.518416921875 0.7756904812500001 0.567930134375 0.6401947234375001 0.561242134375 0.50258539375 0.67601208125 0 0.6275280000000001 0
0 0.5578634703125 0 0.4107986046875 0.61954613125 0.41413065 0.8166485375000001 0.43927151562500005 0.8021926578125 0.5031588640625 0.6318701 0.50404928125 0.5769883359375 0.6278076640625 0 0.5578634703125 0
0 0.3701601171875 0 0.16521141718750001 0.700000534375 0.1543717859375 0.8886602343750001 0.18526449375 0.902366115625 0.2627367921875 0.7304637703125 0.288771321875 0.5443616546875 0.4323362421875 0 0.3701601171875 0