0 0.541768028125 0.229508196875 0.5937187625 0.1693989078125 0.6144990546875 0.05191256875 0.6029544484375 0.0464480875 0.5648511765625 0.09429783124999999 0.541768028125 0.229508196875
0 0.747262040625 0.077868853125 0.73687189375 0.066939890625 0.6768399359374999 0.142076503125 0.6341248875 0.3674863390625 0.6895390031249999 0.3060109296875 0.747262040625 0.077868853125
0 0.5694750859375 0.066939890625 0.5579304796875 0.05874316875 0.42420251093749994 0.20491803281249998 0.41131396562500006 0.3770491796875 0.535995725 0.2322404375 0.5694750859375 0.066939890625
0 0.8211475281249999 0.3101092890625 0.7957493921875 0.438524590625 0.8234564484375 0.42076502656250003 0.853472428125 0.368852459375 0.9077320828125 0.142076503125 0.8892607109374999 0.1325136609375 0.74495311875 0.288251365625 0.6886366921875 0.40027322343750005 0.7033925328125 0.415300546875 0.8003672343750001 0.288251365625 0.8211475281249999 0.3101092890625
0 0.6329704265625 0.3729508203125 0.67914885625 0.13797814218749999 0.65490518125 0.125683059375 0.5927937359375 0.20218579218750002 0.535995725 0.44808743125 0.5475403328125 0.45765027343750003 0.6329704265625 0.3729508203125
0 0.337428478125 0.4931693984375 0.39284259375 0.375683059375 0.44479332656250004 0.1325136609375 0.427476415625 0.12431694062500001 0.2670063734375 0.30874316875 0.171315675 0.5040983609375 0.15386921874999998 0.672131146875 0.3201115671875 0.47814207656249996 0.337428478125 0.4931693984375
0 0.24391715781249998 0.9986338796875 0.5325323421875 0.450819671875 0.6064178296875 0.16256830625000002 0.596027684375 0.15573770468749998 0.40785058281250003 0.3715847 0.3237406171875 0.5396174859375 0.279705440625 0.7540983609375 0.175803975 0.9959016390625001 0.24391715781249998 0.9986338796875
0 0.41205240468750004 1 0.6572141031250001 0.5464480875 0.72070944375 0.288251365625 0.708010375 0.28142076562499996 0.5429224890625 0.461748634375 0.26023022500000004 0.9986338796875 0.26354299062500003 1 0.41205240468750004 1
0 0.6517197859375 1 0.903114240625 0.520491803125 0.959682815625 0.2950819671875 0.9446748265625 0.278688525 0.7890985859375 0.44808743125 0.7622700296875 0.5491803281250001 0.5346020515625 1 0.6517197859375 1
0 0.5290689609375 1 0.76111556875 0.5546448093749999 0.8280742921875 0.31420765 0.8003672343750001 0.2896174859375 0.6805535515625001 0.438524590625 0.6572141031250001 0.5450819671875 0.41895621875 1 0.5290689609375 1
0 0.00227604375 1 0.1446335328125 0.7008196718749999 0.1954298078125 0.422131146875 0.1700316703125 0.40983606562499997 0.0015697171874999999 0.6434426234374999 0.000340075 1 0.00227604375 1
0 0.33511955625 0.49043715781249997 0.31895710625 0.47814207656249996 0.1573326015625 0.672131146875 0.0027244515625 0.9972677593749999 0.16887721093750002 1 0.2785509796875 0.7513661203125 0.33511955625 0.49043715781249997