0 0.4586706921875 0.9559088828125001 0.4655144953125 0.8918204984375 0.47532463125 0.10097493125000001 0.4427981328125 0.0995400828125 0.4422544609375 0.88557015625 0.448985259375 0.95084423125 0.4586706921875 0.9559088828125001
0 0.5208238281249999 0.10354290156249998 0.465604253125 0.890422115625 0.4729707546875 0.9599703843749999 0.4879667109375 0.9106562703125001 0.554147090625 0.10645356406249999 0.5208238281249999 0.10354290156249998
0 0.3483969 0.10957535624999999 0.4170947140625 0.8805601015625 0.4373103609375 0.9484182531249999 0.44406440468749997 0.8857282484375 0.378679365625 0.10378309062499999 0.3483969 0.10957535624999999
0 0.5940543046875 0.11134553437500001 0.4889540515625 0.895274078125 0.49207234531250005 0.9742948281249999 0.5110398390625 0.90564051875 0.6339716703125 0.12467571875000001 0.5940543046875 0.11134553437500001
0 0.6640306671875 0.1273012625 0.51293215625 0.8903373718750001 0.50610313125 0.982551471875 0.5314952 0.913052103125 0.702031596875 0.141870271875 0.6640306671875 0.1273012625
0 0.7282168687499999 0.148376121875 0.5342924874999999 0.8978280046875 0.5273663171875 0.9773776281250001 0.5529452921875 0.919144353125 0.7628591234375001 0.17249531093749998 0.7282168687499999 0.148376121875
0 0.2407099359375 0.1564181328125 0.3954724984375 0.8913274687499999 0.4244612140625 0.9501083687499999 0.41836611250000005 0.8891084796875001 0.269655915625 0.143478025 0.2407099359375 0.1564181328125
0 0.54592196875 0.9860295015625 0.57466465625 0.9210414609375001 0.8294903031249999 0.2261268171875 0.789297653125 0.2001166 0.5561987609375 0.9109912046875 0.5418458921875 0.978642365625 0.54592196875 0.9860295015625
0 0.1450672953125 0.21415648593749997 0.3713222671875 0.9131237953125 0.40337754531250003 0.95248545 0.395382740625 0.89272585 0.1736685171875 0.19274893906249999 0.1450672953125 0.21415648593749997
0 0.5642840703124999 1 0.5946786125 0.9495078046875 0.879188871875 0.2599984453125 0.8502757703125001 0.23216101406249998 0.577469334375 0.919880215625 0.557237834375 0.994049003125 0.563814775 1 0.5642840703124999 1
0 0.5836927515625 1 0.6122469265625 0.9735418687499999 0.9651233343750001 0.36734620156250003 0.9325139984374999 0.326529928125 0.601365071875 0.930404746875 0.5717174109375 0.99531374375 0.5714166125 1 0.5836927515625 1
0 0.05985332812500001 0.307961275 0.34735155156249997 0.9321233546875 0.38230127187499996 0.9689253890625 0.3731322140625 0.9132818875 0.083312653125 0.2818859375 0.05985332812500001 0.307961275