0 0.9977824468750001 0.12437213750000001 0.8117871375 0.5593677328125 0.778948353125 0.7422280125 0.8008371859375 0.7517967609375 0.9060553468749999 0.5987852234375 0.992407375 0.3553071359375 0.9977824468750001 0.12437213750000001
0 0.8099770625 0.561981359375 0.9979630703125 0.11661182343750001 0.9984788078125 0.094453659375 0.9372380343750001 0.0840308109375 0.7194969203125 0.5582689046875 0.68426664375 0.7304962374999999 0.7036441499999999 0.746941809375 0.8081610671874999 0.5981934640625 0.8099770625 0.561981359375
0 0 0.61790964375 0.0486576515625 0.541972440625 0.051288807812500004 0.5175858484375 0.3516108859375 0.010230831249999999 0.27743681875 0.0080725875 0.017442525 0.45485236249999994 0 0.5141358874999999 0 0.61790964375
0 0.5136934 0.7438301578125001 0.5302119203125 0.752484909375 0.6202482296875 0.6246455953125001 0.8730336124999999 0.073103565625 0.7989197171875 0.06048978125 0.554413821875 0.5550070546875 0.5136934 0.7438301578125001
0 0.4210176671875 0.0122503625 0.1324907375 0.5021890390625 0.0808558609375 0.681850325 0.0964393828125 0.6961893328125 0.13468473125 0.6398820625 0.48040513125000006 0.0139783609375 0.4210176671875 0.0122503625
0 0.217505153125 0.7153332265625 0.24248672500000001 0.7312717296875 0.34017092031249996 0.59889065625 0.35640760312499997 0.55052440625 0.6142232453124999 0.031977134375 0.547564359375 0.0191713078125 0.2749778421875 0.533743809375 0.217505153125 0.7153332265625
0 0.6443535484375 0.034183454687499996 0.614709175 0.0305989921875 0.3423345765625 0.57734619375 0.303136484375 0.7401331437499999 0.3209975796875 0.7490163953125 0.38937289218750004 0.6437857421875 0.393580375 0.6182065859375 0.6733457921875 0.0391177796875 0.6443535484375 0.034183454687499996
0 0.57585365625 0.7938523671875 0.6003677265625 0.8126329999999999 0.6968291765625 0.6625136578124999 0.7275523875000001 0.5596399015625 0.9326479875 0.084710459375 0.8741219093750001 0.0732887890625 0.621416975 0.617540275 0.57585365625 0.7938523671875
0 0 0.712342921875 0.008464645312500001 0.7191985328125 0.11869954375 0.586031825 0.14101370468750002 0.5007179078124999 0.4207187453125 0.012241665625 0.352611053125 0.010259934375 0.0438147546875 0.5294614281250001 0 0.672415075 0 0.712342921875
0 0.7621155015625 0.054225903124999995 0.7449701156249999 0.0527687 0.4839466 0.6058303359375 0.4405410234375 0.794196440625 0.45635829531249994 0.8071143859375001 0.5337839875 0.6888155874999999 0.557566475 0.5526219234374999 0.795104696875 0.0598404859375 0.7621155015625 0.054225903124999995
0 0.34696223125 0.81771270625 0.3743412015625 0.8106856812500001 0.47325406093750005 0.6624444046875 0.486164259375 0.6091294625 0.7444533156250001 0.0541415875 0.67537325625 0.0394628421875 0.3870413171875 0.6243979093750001 0.34696223125 0.81771270625
0 0.5473280921875 0.019131096875 0.5278320359374999 0.01535834375 0.4807641953125 0.013988809375 0.132934571875 0.6337408078125 0.0810659453125 0.8148231609375 0.107797675 0.8369029187500001 0.220136309375 0.6909466359375 0.2860720484375 0.516640971875 0.5473280921875 0.019131096875