0 0.5439792398504351 0.5241568180483182 0.14857660551329666 0.9077629146981228
0 0.07826273660402411 0.4579241166048885 0.15619819074064412 0.8970982332097771
0 0.628517881084137 0.5364782579741844 0.14865842613014751 0.9124504146981227
0 0.5846860604672861 0.5302629743089204 0.15331865259119723 0.9110516058051153
0 0.7091639090873143 0.5477406178708328 0.15326410551329647 0.9045187642583343
0 0.872745168015768 0.5607614622432028 0.15159251135749513 0.8784770755135944
0 0.210607632301953 0.4805034994518458 0.15466296427959447 0.8986061695074461
0 0.9166178989410444 0.5654725268525829 0.14687773781854502 0.8690549462948342
0 0.25681047645775434 0.4883631286706061 0.15323683197434618 0.9063641058051154
0 0.503354239850435 0.5227381617877158 0.14531523781854466 0.8998412872934611
0 0.7522553900125908 0.5532192915546303 0.14849478489644544 0.8935614168907394
0 0.6677303855483638 0.5464361005324557 0.1467959172016938 0.895208350995792
0 0.7921809606294418 0.5570536196849314 0.14687773781854485 0.8858927606301371
0 0.422803669233584 0.5152406311176768 0.14671409658484275 0.8905208509957918
0 0.46271560308095977 0.5205382555271136 0.14685046427959456 0.8983333509957919
0 0.38209684861673293 0.5091344748570746 0.14833114366274353 0.8937004146981227
0 0.8329286915547183 0.5628001500384844 0.15145614366274351 0.8743996999230312
0 0.16766615584090333 0.48056549763774725 0.1575970495069421 0.8877777969121079
0 0.33907355153883223 0.504508973042976 0.14358909658484276 0.8904117235911301
0 0.1222854719935275 0.47507690027015254 0.1449879553511407 0.881091287293461
0 0.29788548985043495 0.5155630349312083 0.1431527199616373 0.8654117235911303