0 1 0.0438204234375 0.9987655312499999 0.0072046109375 0.946067178125 0 0.8260173671875 0.4899135453125 0.8232969234375 0.6757925078125 0.8464206953125 0.681556196875 0.9253135546875001 0.5129683 1 0.09618858125 1 0.0438204234375
0 0.8725977890625 0 0.734882509375 0.5043227671875 0.7280813984375001 0.6801152734375 0.7498449468749999 0.693083575 0.828737809375 0.5288184453125 0.824657146875 0.4927953890625 0.9429964406250001 0 0.8725977890625 0
0 0.026206965625000002 0.5201729109375 0.0030831968750000003 0.7074927953125 0.023486521875 0.7118155625 0.07109428437500001 0.600864553125 0.0697340625 0.576368875 0.292810434375 0.0014409234375 0.223618196875 0 0.026206965625000002 0.5201729109375
0 0.7324617359375 0 0.5716558968750001 0.5288184453125 0.56213434375 0.7219020171875 0.579817228125 0.72766570625 0.647828315625 0.58645533125 0.8075496125000001 0 0.7324617359375 0
0 0.358312075 0 0.1472667046875 0.5475504328125 0.12550315625 0.73342939375 0.1431860390625 0.744956771875 0.171750696875 0.6829971171875 0.41369907499999997 0 0.358312075 0
0 0.292810434375 0.55475504375 0.265605996875 0.7435158515625 0.292810434375 0.755043228125 0.36762263281249996 0.6080691640625 0.3757839609375 0.5576368875 0.5458116828125 0.00288184375 0.478039965625 0.0014409234375 0.292810434375 0.55475504375
0 0.5758643078125 0 0.546067178125 0.0014409234375 0.366262409375 0.58645533125 0.3540204140625 0.7536023046875 0.37306351875 0.7593659953125 0.42339172343750003 0.64409221875 0.42339172343750003 0.6181556203125 0.6052375578125 0 0.5758643078125 0
0 0.647828315625 0.579250721875 0.631505653125 0.760806915625 0.6587100890625 0.7752161390625 0.7294416218750001 0.610951009375 0.7430438390624999 0.5043227671875 0.8681842421875 0.0014409234375 0.8086522109375001 0 0.647828315625 0.579250721875
0 0.06429317500000001 0.589337175 0.039809182812499996 0.770893371875 0.060212509375 0.78242075 0.1472667046875 0.632564840625 0.15542803593750001 0.5446685890625 0.3567408578125 0.00288184375 0.294366496875 0 0.06429317500000001 0.589337175
0 0.6951738515625 0 0.678039965625 0.0014409234375 0.510445915625 0.5907780984375 0.4982039203125 0.7838616703125 0.515886803125 0.793948128125 0.5730161171875 0.6642651296875 0.5743763390625001 0.5259365984375 0.7285965796875 0 0.6951738515625 0
0 0.41795083593750004 0.62536023125 0.4097895078125 0.8227665703125 0.43563371875 0.8112391921875 0.5090856953125 0.6484149859375 0.5131663609375 0.5936599421875 0.6777531953125 0.00288184375 0.607291665625 0 0.41795083593750004 0.62536023125
0 0.169030253125 0.6772334296875 0.1472667046875 0.864553315625 0.177191584375 0.8818443796875 0.26424577656250003 0.7190201734375 0.3009717640625 0.5360230546875 0.47780059374999995 0.0014409234375 0.41409438749999994 0 0.169030253125 0.6772334296875