0 0 0.44401425000000005 0.0004911515624999999 0.459961209375 0.06731553125 0.385148240625 0.195753034375 0.13161540625 0.2162483828125 0.060958714062499995 0.2039511734375 0.0526461609375 0.152029628125 0.1039068984375 0 0.4094569109375 0 0.44401425000000005
0 0 0.504492084375 0.00185783125 0.5361596015625001 0.22034745 0.304793571875 0.288665271875 0.21058464843750002 0.283199846875 0.20227209687499997 0.186188540625 0.2673870859375 0 0.46164616406250003 0 0.504492084375
0 0 0.7162648921875 0.336487746875 0.22443890312499998 0.370646659375 0.1579384875 0.35834945 0.146855084375 0.288665271875 0.2078137984375 0 0.6283036125 0 0.7162648921875
0 0 0.8077029640625 0.41573642031249997 0.20088667343750002 0.44442990625 0.123302853125 0.4293999859375 0.11221945156249999 0.36518123281250003 0.174563590625 0 0.7147821875 0 0.8077029640625
0 0 0.8894430578125 0.4034392140625 0.328345803125 0.44442990625 0.2604599609375 0.425300915625 0.24522028437499999 0.35151766875 0.3089498484375 0 0.8090478718749999 0 0.8894430578125
0 0.6302543796875 0.18149071875 0.6206898843750001 0.1759490171875 0.5373421421875 0.2493765578125 0.014027629687500001 0.998891659375 0.063358446875 0.9975062359375 0.59063004375 0.2743142140625 0.6302543796875 0.18149071875
0 0.21437351875 1 0.266993815625 0.998891659375 0.7627909546875 0.29232474218750004 0.796949865625 0.20919922343750003 0.77918723125 0.196730396875 0.716334834375 0.2590745359375 0.20141102656249998 1 0.21437351875 1
0 0 0.9781102781250001 0.47039067812499996 0.328345803125 0.5100150140624999 0.2355223046875 0.50045051875 0.2258243265625 0.425300915625 0.2895538921875 0 0.885268309375 0 0.9781102781250001
0 0.7245329734375 0.2258243265625 0.7122357671875 0.2175117765625 0.6302543796875 0.29648101875 0.1342669953125 0.998891659375 0.2027598390625 0.9975062359375 0.682175925 0.31172069687500004 0.7245329734375 0.2258243265625
0 0.8242769921875001 0.385148240625 0.8652676874999999 0.2895538921875 0.8570695484374999 0.2826267671875 0.7723554499999999 0.360210584375 0.73409746875 0.41839845000000003 0.336487746875 0.9975062359375 0.384528325 0.998891659375 0.8242769921875001 0.385148240625
0 0.7368301828125 0.42116929843750006 0.7723554499999999 0.3394292046875 0.760058240625 0.3297312265625 0.6931067765625001 0.3893045171875 0.2654372140625 0.998891659375 0.337854103125 0.996120809375 0.33806119218749997 0.9975062359375 0.7368301828125 0.42116929843750006
0 0.4747292265625 1 0.842039628125 0.46550290937499994 0.87756489375 0.3740648390625 0.8639013296875 0.360210584375 0.7887517265625 0.4322527015625 0.37747844062499997 0.998891659375 0.45180824687500004 1 0.4747292265625 1
0 0.519579509375 0.4571903578125 0.5551047765625 0.3823773890625 0.5414412140625 0.3726794140625 0.469024321875 0.437794403125 0.0632164609375 0.998891659375 0.138366065625 0.998891659375 0.13579250468749998 0.996120809375 0.519579509375 0.4571903578125
0 0.6204742140625 1 0.6797312765625 0.998891659375 0.8884957453125001 0.5943474640625 0.9185555890625 0.47520088749999995 0.9089910906249999 0.46965918437500004 0.8338414875 0.55832640625 0.6058030234375 1 0.6204742140625 1
0 0.802415290625 0.5707952359374999 0.791484440625 0.5624826828125 0.7149684781250001 0.6428373515625 0.5031832328125 0.998891659375 0.5840636531250001 0.998891659375 0.7723554499999999 0.671931284375 0.802415290625 0.5707952359374999