0 0.5537946140625001 0.207971925 0.5607272453125 0.26531071562499997 0.5769604296875 0.37589266875 0.5908136453124999 0.325379925 0.5913757171875 0.30080615625 0.5430058796874999 0.14107667031249999 0.5335610953125001 0.139711459375 0.5340685703125 0.2571194609375 0.54362405625 0.20933713593749997 0.5537946140625001 0.207971925
0 0.485278884375 0.31172783125 0.50068305 0.41957936562500003 0.507181446875 0.360875365625 0.5304697125 0.27486718125 0.4994840984375 0.158824390625 0.4893135421875 0.1601896 0.485278884375 0.31172783125
0 0.45273181874999996 0.14380708749999999 0.430659765625 0.25302383281249996 0.4639504375 0.40319685468750005 0.473795896875 0.48647462187499996 0.4866130984375 0.34039722499999997 0.46669494218749996 0.150633134375 0.45273181874999996 0.14380708749999999
0 0.3055052171875 0.498761503125 0.2588141625 0.3567797390625 0.181139803125 0.22708485312499999 0.17287727656250002 0.2311804828125 0.21750633437500003 0.385449134375 0.239518803125 0.4919354578125 0.313801271875 0.6953516421875 0.3055052171875 0.498761503125
0 0.8872159390625001 0.536987365625 0.89829313125 0.5001267125 0.9014749484375001 0.3485884828125 0.8894081093749999 0.3458580640625 0.8348652421875 0.4933006671875 0.808342796875 0.6516649453125 0.8716839359374999 0.5697523875 0.8857374921875 0.560195921875 0.8872159390625001 0.536987365625
0 0.7475283625 0.16974606406249998 0.7213715656249999 0.363605784375 0.7306716203125 0.893306990625 0.7975526265624999 0.699447271875 0.7898163328125001 0.349953690625 0.7610251984375 0.17111127343750002 0.7475283625 0.16974606406249998
0 0.8710606406249999 0.72129061875 0.863966615625 0.770438153125 0.9457196937499999 0.6762387140625 0.958292496875 0.5615611328125001 0.9541335796875 0.362240575 0.937739003125 0.3581449484375 0.8899284265625 0.5219700640625 0.8849980375 0.557465503125 0.8867809359375001 0.5642915515625 0.8710606406249999 0.72129061875
0 0.336118634375 1 0.32537188281249996 0.8523507125 0.18907924062499998 0.26940634375 0.1239702578125 0.116502903125 0.1130739296875 0.12059853125 0.1276844375 0.30626699375 0.299454259375 1 0.336118634375 1
0 0.47960356875 0.6448389 0.49555142031250005 0.935628478125 0.50335405625 0.9383588984375001 0.5137426109375001 0.446883553125 0.5252548078125 0.3827187140625 0.5456302453124999 0.270771553125 0.5552020953125 0.2748671796875 0.5670978078125 0.3472232734375 0.5602092359374999 0.21752839062499998 0.5462461125 0.2107023453125 0.50474999375 0.363605784375 0.47960356875 0.6448389
0 0.3952843328125 1 0.3584059375 0.35268411093749996 0.32153113437499997 0.18339815625 0.3071599078125 0.186128575 0.29412520625 0.3458580640625 0.3364677296875 1 0.3952843328125 1
0 0.5739139343749999 1 0.6193311718750001 0.4250402015625 0.640288153125 0.362240575 0.638289390625 0.20933713593749997 0.6217042109375 0.201145878125 0.57375418125 0.3950055984375 0.5820334125 0.4482487625 0.5737524578125 1 0.5739139343749999 1
0 0.4976081484375 1 0.4661643921875 0.41411852812500005 0.42865424531249996 0.2311804828125 0.4151358625 0.2339109015625 0.3968936828125 0.4100229015625 0.432930428125 1 0.4976081484375 1
0 0.60771895625 1 0.6515313593750001 0.475552946875 0.680117534375 0.3567797390625 0.6776299734375 0.26667592500000004 0.6634127140625 0.2543890421875 0.6208462515625001 0.42094457500000004 0.572733925 1 0.60771895625 1
0 0.21522123906249999 1 0.1250915890625 0.41548373749999995 0.0696448890625 0.2502934140625 0.0588120953125 0.2557542515625 0.0587337078125 0.4373270859375 0.149042215625 1 0.21522123906249999 1
0 0.5683445328125 1 0.584501503125 0.464631271875 0.56006500625 0.26940634375 0.546292484375 0.2666759234375 0.51222753125 0.45097917968749995 0.5042140796875 1 0.5683445328125 1
0 0.6790442765625 1 0.7204306015624999 0.5083179703125 0.706663196875 0.28578885625 0.6921013703125001 0.284423646875 0.647865859375 0.470092109375 0.6103632640625001 1 0.6790442765625 1
0 0.7702521875 1 0.8698632312499999 0.73221229375 0.8901287640625 0.5629263421874999 0.8794499374999999 0.553369878125 0.8071147421875 0.666682246875 0.697346934375 1 0.7702521875 1
0 0.860747325 1 0.9409592640625 0.8305073625 0.9742984453125001 0.6489345265625001 0.963746684375 0.64210848125 0.8849333328125001 0.744499178125 0.7840801140625 1 0.860747325 1