0 0.9959172468749999 0.1577702 0.9995676843749999 0.032312803125 0.954496709375 0.02452589375 0.8117231171875 0.5100252609375 0.8003527328125 0.6957243328125 0.8231929687499999 0.7022925203125 0.9098806749999999 0.536535396875 0.9959172468749999 0.1577702
0 0.719977740625 0.5212468546875 0.7049988578125 0.69672164375 0.72614443125 0.7104436703125 0.812630934375 0.549007340625 0.8102296593749999 0.512858309375 0.9514279984374999 0.024418709375 0.8810758171874999 0.021961457812499998 0.719977740625 0.5212468546875
0 0 0.702557709375 0.052134157812500005 0.5945751234375 0.051914985937500005 0.570043159375 0.30068613593750004 0.0052484953124999996 0.23048938125 0.0040232078125000004 0.011032262499999999 0.5123535671874999 0 0.5769745953125 0 0.702557709375
0 0.537216384375 0.7326969421875 0.554619325 0.739075215625 0.629158153125 0.600303278125 0.81607058125 0.0196909625 0.741032271875 0.017070034375 0.555718728125 0.5400339453125 0.537216384375 0.7326969421875
0 0.3660877328125 0.0063900843750000005 0.1307378 0.543944146875 0.1003368828125 0.728978521875 0.11747155000000001 0.74111785 0.14890126406249998 0.6801835515625 0.42190358124999994 0.0073643546875 0.3660877328125 0.0063900843750000005
0 0.23987776562500002 0.7439506328125 0.2665277015625 0.7564223078125 0.348131425 0.612126709375 0.358634734375 0.5620023468750001 0.5543712937499999 0.0134355765625 0.48671138125 0.00962975625 0.275850115625 0.55622564375 0.23987776562500002 0.7439506328125
0 0.5845382156250001 0.01160403125 0.5546936875 0.0120042328125 0.3477781140625 0.5904752734375001 0.32776434375 0.757118565625 0.34652660625 0.76354431875 0.40218700781249994 0.6500799125000001 0.403394225 0.6241551656250001 0.6138920765625 0.0126292984375 0.5845382156250001 0.01160403125
0 0.6047310703125001 0.7740054546875 0.631246871875 0.7893576609374999 0.7095774328125 0.6276364609375 0.728133684375 0.521531725 0.8765981171874999 0.02324766875 0.8171724515625 0.019729450000000003 0.6294934921875 0.5931019609375 0.6047310703125001 0.7740054546875
0 0.3654252765625 0.0068360953125 0.35825997656249997 0.0062534515625 0.3016815625 0.005265871875 0.0458740796875 0.5828156203125 0.012955717187499998 0.7634342484375 0.032809031249999995 0.775668534375 0.1267808046875 0.6289197109375 0.13902788125 0.5413484921875 0.3654252765625 0.0068360953125
0 0.703769 0.0157685078125 0.6865793578125 0.01661071875 0.4916652390625 0.5998287625 0.47044425 0.792396803125 0.4876459859375 0.8030958703125 0.5507736828125 0.6754662171875 0.5585715078125 0.537248371875 0.7371696671875 0.016935121875 0.703769 0.0157685078125
0 0.380277371875 0.8281978390625 0.40664106406249995 0.8175778140625001 0.48762320781249996 0.6573918359375 0.49424975312499997 0.6028042484375 0.686225709375 0.018040970312499998 0.6159448281250001 0.012700996875 0.39762159218750004 0.6311665703125 0.380277371875 0.8281978390625
0 0.4864721671875 0.009621399999999999 0.45833224218749996 0.00800021875 0.4222904359375 0.0073711062499999995 0.1464508875 0.674327540625 0.11598290156249999 0.8608021796875001 0.1450832140625 0.879129865625 0.23965859374999998 0.7194186703125001 0.2848779390625 0.537787084375 0.4864721671875 0.009621399999999999