0 0.6028515046875 0.38111419999999996 0.61635330625 0.19833249375 0.5992258203125 0.022343084375 0.58358895 0.017294940624999998 0.5567079921875 0.1622067046875 0.6028515046875 0.38111419999999996
0 0.543671515625 0.18086569375 0.5619638296875 0.18274154375 0.5520029828124999 0.1217999375 0.536818875 0.11952186718749999 0.509012034375 0.27303944062499996 0.5130175718750001 0.477599221875 0.532504703125 0.5203360796875 0.5239879937499999 0.35171836875 0.543671515625 0.18086569375
0 0.39646751562500004 0.65250108125 0.30378286718749997 0.24726717968749998 0.2451432625 0.1021076890625 0.2298286171875 0.10550383593749998 0.24712133125000002 0.2630855484375 0.3087329234375 0.5096923421875 0.3060667078125 0.5072087046875 0.37232394375 0.60188080625 0.39646751562500004 0.65250108125
0 0.4953997109375 0.707586528125 0.49074974375 0.6403003328125 0.46580471093750003 0.5459394843750001 0.4719499625 0.40229672499999997 0.46537485156249997 0.23908508906249998 0.4252621703125 0.051926796875 0.40557686875 0.054474206250000004 0.397551175 0.2125036265625 0.4297687 0.552017115625 0.45245398437500006 0.6509133859375 0.4953997109375 0.707586528125
0 0.4244760546875 0.636147603125 0.4354200421875 0.6319027140625 0.45124860624999996 0.6510693703125 0.374453675 0.2847948578125 0.3029020203125 0.10594797656249999 0.29150526875 0.10742279218749999 0.30912021093750003 0.2734487984375 0.39549189375 0.645555671875 0.4433616765625 0.758164884375 0.4244760546875 0.636147603125
0 0.12526509531250002 0.21662395625 0.11729877656250001 0.226140840625 0.1677374515625 0.424691865625 0.2965694 0.7460454796875 0.35580978124999996 0.79212399375 0.229205953125 0.5030116796875 0.201326171875 0.3453856703125 0.12526509531250002 0.21662395625
0 0.8004795015624999 0.36685447656250003 0.8108054953125 0.3782472125 0.821547784375 0.23683822812500002 0.8116745562500001 0.228215565625 0.742686053125 0.375747665625 0.682515703125 0.62114186875 0.7100575671875 0.6939516921875 0.746195875 0.48136836406250005 0.8004795015624999 0.36685447656250003
0 0.561058296875 0.1772013953125 0.5463269546875 0.1776933984375 0.5257379015625 0.3430059296875 0.535806534375 0.5199088015625 0.58099355 0.7587407203125001 0.6119715296875 0.7929189234375 0.597836390625 0.36337687500000004 0.561058296875 0.1772013953125
0 0.273132453125 0.7264490671875 0.1595629859375 0.5106096109375 0.04037864375 0.37045634843749997 0.031602640625 0.3814923453125 0.1013085421875 0.5619924125 0.1184954015625 0.5894692890625 0.13109345156250002 0.5694527015624999 0.23655605624999998 0.677437684375 0.273132453125 0.7264490671875
0 0.8555234453124999 0.52237959375 0.8754004359374999 0.5339506984375 0.87820465 0.602890078125 0.907875478125 0.525505215625 0.9222134296875 0.3737306078125 0.9023017453125 0.37489298125000003 0.839990646875 0.4791310203125 0.8026677140625 0.585792753125 0.8064283890624999 0.590963425 0.8555234453124999 0.52237959375
0 0.6427131203124999 0.7026665109375 0.6686312875 0.6087952859375 0.6865666781249999 0.6149603203125 0.7144246671875 0.3581898984375 0.7051676546875 0.1656243453125 0.6939014390625 0.1614249421875 0.6481938984375 0.29604400625 0.611493375 0.7887378046875 0.644944034375 0.89755561875 0.6427131203124999 0.7026665109375
0 0.779343615625 0.6906429421875 0.8155695421875 0.53037855625 0.817605209375 0.37453862031249996 0.803004403125 0.3693564015625 0.745612571875 0.4842725109375 0.711774165625 0.6965582140625 0.7257126765625 0.77678573125 0.7619568343750001 0.6943072406249999 0.779343615625 0.6906429421875
0 0.544931075 0.732292140625 0.5579471984375 0.7277791062500001 0.5832920703125 0.7598576078125 0.538460040625 0.5308800734375 0.480595428125 0.3969349484375 0.4665432359375 0.4015820609375 0.4666143984375 0.544420375 0.512993071875 0.7364251312500001 0.5489630453125 0.8152159609374999 0.544931075 0.732292140625
0 0.313163965625 0.6477234625 0.2743401984375 0.4943423453125 0.2905950640625 0.4837528640625 0.2793023859375 0.44702725 0.1976693546875 0.3359585640625 0.1913224078125 0.3424372296875 0.22451306875000002 0.493718646875 0.35559417031249996 0.7963948890625 0.4499020953125 0.9341100000000001 0.313163965625 0.6477234625
0 0.5454463734375 1 0.37497938125 0.5987085125 0.289689534375 0.47821271875000004 0.2749235015625 0.491438196875 0.31193620625 0.6337390234375 0.4476035734375 0.9329931109375 0.49429121093750006 1 0.5454463734375 1
0 0.8734588375 0.5285446265625 0.8558456718749999 0.5308238859375 0.8000120578125 0.6229090421875 0.78407119375 0.6872024999999999 0.8036359624999999 0.813374890625 0.790534 0.933874253125 0.8752452156249999 0.6754039734374999 0.8734588375 0.5285446265625
0 0.4075168203125 1 0.29752064375 0.8562402718750001 0.24506275937500002 0.7230098125 0.2672729625 0.722964328125 0.2395337265625 0.6827096796875 0.13177260156249998 0.5736078109375 0.122996596875 0.5846438078125 0.197595303125 0.7432957375 0.3748497515625 1 0.4075168203125 1
0 0.6123292078125 1 0.5176363765625001 0.7400672546875 0.44001708281249996 0.6341364890625 0.42641765625000005 0.6415536734375 0.44417136093750004 0.7566457734375 0.54905010625 1 0.6123292078125 1
0 0.7164309796875 0.7199992359375 0.6816474109375 0.60428225 0.6702506578125 0.6057570671875 0.6416770515625 0.7028005859374999 0.647921703125 0.9028276156249999 0.67753630625 0.9985642562500001 0.712701671875 0.9940136234375 0.7164309796875 0.7199992359375
0 0.497029871875 1 0.3489142203125 0.7887733296875 0.2614134703125 0.7194795890625 0.2503389484375 0.7293986984374999 0.3014385375 0.8543189390625001 0.4113158515625 1 0.497029871875 1
0 0.7779506281249999 0.6950662000000001 0.76425535625 0.6954241296875 0.7284986515625 0.7679392140625 0.71898886875 0.9932000171875 0.7807843921875001 0.9852032656249999 0.8036359624999999 0.813374890625 0.7779506281249999 0.6950662000000001
0 0.6664414828125 1 0.67686668125 0.998650909375 0.618962934375 0.8033288453124999 0.5581735812499999 0.729164140625 0.545383840625 0.735062215625 0.5507741078125 0.8262962515625001 0.6186584734375 1 0.6664414828125 1